2 1 2 3 4 4 4 1 4 4 4 1 3 2 2 1 1 1 2 3 2 2 1 1 1 4 4 2 4 2 2 1 2 4 1 1 1 2 1 1 1 3 3 2 2 2 3 4 4 2 1 4 3 1 3 4.378753
3 4 1 1 1 4 3 2 1 3 3 2 3 4 4 2 4 3 3 3 1 3 4 4 2 2 4 4 4 1 1 3 2 3 3 3 4 2 2 2 2 4 3 4 1 3 2 4 4 3 1 1 3 2 3 4.195378
2 4 4 3 4 3 1 1 2 3 3 3 2 4 2 3 4 1 1 2 3 3 1 3 2 4 1 4 1 4 4 2 3 2 2 2 4 3 1 1 3 1 4 1 1 3 4 2 3 1 3 3 2 1 3 4.262910
4 1 1 2 3 4 4 1 4 3 2 1 3 1 2 3 1 2 1 2 2 1 4 3 1 1 4 2 2 2 2 3 3 4 1 1 2 3 2 3 1 3 4 3 2 4 2 2 1 4 4 1 1 2 3 4.254439
4 1 1 1 4 1 2 2 2 2 3 1 3 4 3 4 2 4 4 4 2 1 4 1 3 3 1 1 3 1 2 4 4 4 2 2 3 2 2 4 4 4 1 2 1 2 3 4 1 3 4 1 3 4 3 4.250644
3 4 4 3 3 1 3 1 2 3 3 2 2 4 4 1 4 2 3 3 2 1 2 1 3 4 4 2 1 3 3 2 3 3 2 3 4 3 4 4 3 1 4 4 3 1 3 3 4 1 3 3 2 2 3 4.157301
1 4 4 4 3 3 3 2 2 3 2 4 4 2 3 1 2 4 1 1 4 3 3 3 2 3 3 3 4 1 2 3 3 3 1 2 3 2 4 4 1 4 3 3 4 1 4 3 4 3 1 3 4 4 3 4.315474
1 2 4 3 3 3 1 2 4 3 2 3 3 1 1 4 1 3 2 1 3 4 4 1 4 2 3 4 3 2 4 1 3 1 1 2 4 4 2 3 3 3 2 3 1 1 3 3 1 3 4 4 4 3 3 4.230822
3 1 4 2 3 2 4 3 3 3 2 3 4 3 1 1 3 4 2 2 4 2 3 4 3 1 4 4 4 1 4 1 3 4 2 2 1 3 4 3 3 4 3 2 2 1 4 4 3 2 3 1 2 2 3 4.211985
3 3 4 4 1 3 1 2 2 3 4 4 1 2 4 2 2 3 4 4 4 2 4 2 1 2 3 1 2 4 4 1 3 2 3 4 2 3 2 2 3 3 4 4 1 2 2 4 4 1 3 2 3 3 3 4.295973
4 2 4 3 3 4 4 4 4 4 4 4 3 2 4 4 2 4 1 4 4 3 1 1 2 3 4 4 2 2 2 2 1 2 1 1 4 4 2 2 4 2 4 4 1 4 3 4 2 4 2 2 2 4 3 4.492742
4 2 1 4 3 4 4 1 2 4 3 3 3 2 4 4 4 1 3 3 1 2 1 2 3 1 4 2 4 1 3 2 2 2 1 3 3 3 2 2 3 1 1 3 3 3 3 3 4 1 3 2 1 1 3 4.368592
2 2 3 1 4 3 1 4 2 4 3 3 3 4 2 1 1 1 1 2 3 3 1 2 4 3 4 1 4 1 3 3 3 3 3 1 2 1 1 1 3 1 1 3 3 2 1 4 4 1 2 2 3 3 3 4.076482
3 1 4 3 3 1 2 4 1 1 1 3 4 2 1 1 2 3 3 3 2 4 3 4 2 2 1 3 3 3 3 3 2 1 1 3 4 3 3 2 3 3 4 1 4 3 3 4 3 1 4 3 4 1 3 4.256984
4 1 4 3 1 3 1 3 2 2 2 4 1 2 4 2 1 4 2 3 1 3 3 3 1 1 4 1 3 2 2 4 4 4 2 1 3 2 4 4 4 4 4 4 1 4 3 3 1 3 1 1 1 1 3 4.091027
1 1 3 3 4 1 1 1 4 4 4 3 3 2 2 2 4 2 3 3 3 1 4 4 4 3 2 3 4 4 2 3 4 3 2 3 4 4 3 3 3 4 2 3 4 2 3 3 1 4 1 1 3 3 3 4.176172
4 1 2 3 1 2 4 3 1 4 1 3 3 1 2 3 3 1 2 4 1 3 2 4 2 3 1 4 2 3 2 1 1 3 2 3 1 3 2 3 1 2 2 1 1 1 4 3 3 3 1 1 2 2 3 4.209105
1 3 4 4 3 3 3 3 1 3 2 2 3 2 2 2 3 3 3 1 1 1 4 3 3 1 2 2 2 2 1 2 4 1 2 4 1 2 2 4 4 2 4 1 4 1 1 3 3 2 3 3 3 2 3 4.143662
3 2 3 4 4 3 1 2 2 3 2 4 1 3 3 2 3 2 4 2 3 4 4 2 4 4 1 1 3 2 1 3 3 3 4 3 1 3 3 3 2 2 4 3 2 1 1 1 3 4 4 1 3 4 3 4.082714
1 3 1 1 1 2 1 3 2 2 1 3 1 4 1 2 3 3 1 4 1 2 1 4 4 1 1 2 1 2 1 4 2 2 4 1 1 4 4 3 2 4 3 1 1 2 3 1 3 2 3 2 4 1 3 4.227154
1 4 1 1 2 4 3 2 4 1 4 3 2 1 2 2 1 1 1 2 1 3 2 3 3 3 2 3 1 1 3 2 2 1 1 3 3 1 3 3 1 2 1 2 3 4 1 3 1 4 3 2 1 1 3 4.275599
1 3 2 3 3 3 2 3 1 2 3 1 2 4 2 2 3 1 4 3 3 3 4 1 1 4 1 3 3 1 2 2 2 4 1 4 1 3 3 3 2 4 1 4 3 1 1 2 1 2 3 1 3 2 3 4.193563
2 3 3 3 3 3 2 2 3 3 1 2 3 4 2 3 3 4 4 4 1 1 1 4 4 3 3 1 1 2 4 1 1 1 3 3 1 1 2 1 2 2 1 3 4 1 1 1 1 3 3 3 3 2 3 4.097989
1 2 3 2 2 3 3 3 1 1 2 2 3 1 3 3 3 2 3 3 3 2 1 3 4 1 1 3 4 4 3 2 1 4 3 3 2 3 3 4 4 2 4 2 1 1 3 4 1 2 3 1 1 4 3 4.035260
3 3 1 2 2 3 3 2 3 2 2 4 4 1 3 3 2 2 4 3 1 4 4 1 3 2 3 1 1 1 1 1 1 4 2 2 1 2 1 2 4 2 2 3 2 4 3 4 1 2 2 3 4 1 3 4.135901
4 3 2 3 2 3 2 2 2 2 4 2 1 1 3 3 4 4 3 2 2 1 3 4 1 1 1 4 1 1 2 1 1 3 3 4 3 3 2 2 3 1 1 3 3 1 1 1 3 3 2 2 2 2 3 4.106371
2 2 2 1 1 2 1 3 2 3 1 2 2 3 2 1 3 2 4 3 3 3 4 3 4 4 2 2 3 4 4 3 2 2 4 2 2 2 3 2 2 1 1 2 2 1 3 3 4 2 4 3 3 1 3 4.315565
2 4 3 4 3 2 2 3 4 2 1 2 2 4 4 3 2 1 3 2 3 2 3 3 2 2 1 3 2 4 3 1 2 2 1 1 2 3 1 2 4 1 3 2 1 4 4 3 3 2 4 2 2 2 3 4.269066
1 1 2 2 1 2 2 1 4 1 3 4 1 1 3 3 3 1 4 4 4 2 2 2 4 3 4 3 3 1 1 2 4 4 3 4 3 3 3 2 2 4 4 4 4 1 2 4 2 4 3 2 3 2 3 4.335141
4 2 2 1 3 4 3 1 3 4 2 4 2 3 2 3 1 2 2 3 3 4 4 2 4 4 1 3 4 2 2 4 1 3 2 2 3 1 3 4 4 3 4 1 4 4 1 3 3 3 2 4 1 4 3 4.286682
4 1 2 1 4 1 1 3 1 4 1 2 3 3 4 1 1 2 3 2 4 3 4 1 3 1 4 1 2 3 3 4 2 2 3 1 3 4 4 4 1 2 4 4 1 2 1 4 2 2 2 1 3 3 3 4.380237
3 1 2 2 3 3 1 4 1 4 3 3 3 3 4 1 4 3 3 2 1 4 3 2 3 4 4 4 4 2 2 3 2 1 1 3 1 3 1 1 2 3 3 1 4 4 1 1 4 1 4 2 1 4 3 4.313075
3 2 4 4 1 2 2 2 4 3 4 1 3 3 1 4 4 1 3 1 4 3 4 3 1 4 3 4 4 4 2 1 4 1 2 4 3 2 2 1 3 2 3 4 3 1 2 3 4 3 2 2 3 2 3 4.254557
1 3 3 1 3 4 2 4 3 3 1 1 2 1 4 4 2 2 3 4 2 1 2 2 4 1 1 2 1 2 4 4 4 3 3 1 4 3 2 1 3 1 1 2 1 1 2 2 1 2 3 2 2 1 3 4.209176
3 4 3 2 4 3 1 2 3 1 1 1 3 4 4 4 3 3 3 1 1 2 2 3 1 1 4 4 4 4 3 2 4 4 2 4 3 3 3 2 1 1 2 1 1 1 3 4 1 4 1 3 1 4 3 4.399452
4 2 3 4 3 1 4 3 1 3 1 1 3 1 3 4 1 1 3 2 3 2 1 4 1 2 4 3 1 2 4 3 3 1 1 2 2 4 2 3 1 1 4 3 3 4 4 2 3 2 4 2 4 1 3 4.244515
2 3 3 2 3 4 3 3 4 3 1 2 3 4 2 1 3 1 2 3 1 2 4 1 3 2 3 4 4 2 1 2 4 3 4 3 1 1 4 4 1 1 1 3 3 2 1 1 2 1 3 1 1 1 3 3.987103
4 1 2 3 2 3 3 2 2 2 1 1 4 3 1 1 3 1 1 1 2 2 4 2 3 2 2 4 1 2 2 2 4 1 2 4 3 3 3 4 1 1 4 3 2 3 2 2 4 1 3 3 1 4 3 4.306757
1 4 1 2 3 3 2 4 2 3 4 2 4 3 2 2 2 4 1 3 1 4 2 2 3 1 4 3 1 2 3 3 2 1 4 2 2 2 3 3 4 4 4 1 1 2 3 3 1 4 4 4 2 4 3 4.345874
3 3 2 2 4 2 2 2 1 4 2 4 4 3 2 3 3 2 2 1 1 1 4 3 3 3 2 1 3 2 3 1 3 1 3 3 3 4 4 4 4 1 1 2 2 4 3 4 3 3 1 3 2 1 3 4.099324
3 2 4 3 2 1 1 2 3 4 4 1 2 4 3 4 1 2 1 2 1 1 3 3 3 2 2 2 4 4 1 4 2 3 3 1 2 4 1 4 1 3 4 4 1 2 3 2 3 3 1 2 4 3 3 4.402727
1 3 2 3 4 1 1 1 4 1 1 3 4 4 1 4 4 4 3 2 3 4 4 2 3 2 2 4 3 3 1 1 4 2 4 4 1 1 3 2 4 2 3 2 2 4 1 4 4 4 1 4 1 2 3 4.240772
3 4 1 2 2 4 4 3 4 1 3 3 3 4 4 1 3 2 4 3 4 2 4 1 2 3 3 1 3 1 2 1 4 1 2 3 4 1 3 3 2 4 3 1 1 2 2 3 3 4 3 4 1 2 3 4.366840
3 3 1 1 3 2 3 3 1 4 1 4 3 3 4 1 3 4 1 3 4 2 3 3 4 3 3 2 1 4 1 2 2 1 3 1 1 1 3 3 1 2 3 4 3 4 3 3 4 3 4 4 2 2 3 4.215943
3 1 3 3 3 3 1 3 2 3 1 4 2 2 3 4 1 4 4 4 3 3 4 2 3 3 4 4 1 4 2 1 1 1 4 4 3 4 3 4 4 3 1 4 2 4 3 1 3 4 2 2 2 2 3 4.283648
3 3 2 4 4 1 3 2 1 4 4 3 3 3 3 2 3 4 1 2 3 1 3 1 1 4 3 4 2 1 4 1 4 4 4 2 1 1 2 2 4 4 3 1 4 4 3 1 4 1 4 4 4 4 3 4.298410
4 3 2 1 3 4 2 1 1 1 1 2 3 2 1 1 4 1 2 1 1 1 1 1 3 2 3 2 1 1 1 2 3 4 1 1 2 1 2 3 2 1 4 4 3 3 2 2 2 2 1 2 4 1 3 4.349351
4 3 4 4 4 1 3 4 1 1 3 1 2 3 1 3 3 1 1 2 3 3 4 3 3 3 2 3 4 3 1 3 1 2 4 4 4 1 4 1 2 3 4 1 3 2 2 1 4 4 1 2 3 4 3 4.290634
3 4 2 3 3 4 3 3 4 1 4 1 3 1 3 3 4 3 2 3 3 3 4 3 2 2 4 4 3 2 1 2 4 1 1 1 3 1 1 1 3 4 1 2 3 3 3 3 3 3 1 1 4 2 3 4.236015
3 3 3 4 3 4 2 3 4 1 1 4 3 3 2 4 3 1 2 2 4 2 3 3 3 3 3 2 3 3 2 3 4 1 1 3 4 3 4 2 2 2 3 2 4 2 3 3 3 4 3 1 1 4 3 4.185473
2 2 3 4 2 2 3 4 3 1 1 1 2 3 3 3 3 4 3 4 4 1 2 3 3 2 3 2 2 2 3 3 3 2 3 2 4 1 1 4 1 4 4 3 4 4 1 3 3 1 4 1 3 2 3 4.202408
4 3 3 1 2 4 2 2 4 4 1 2 3 3 2 4 4 2 3 2 1 4 3 3 2 3 1 4 2 2 4 4 3 2 1 1 4 4 4 4 1 3 3 2 3 1 2 3 4 2 2 2 1 4 3 4.085633
3 2 2 4 4 2 3 2 3 2 4 4 3 2 4 3 2 3 1 3 2 4 4 2 4 2 4 3 4 3 3 1 1 4 2 4 1 2 4 1 1 4 3 3 3 3 2 3 2 4 3 2 1 2 3 4.462916
2 2 1 3 3 2 3 4 2 4 4 1 3 3 3 1 4 1 3 1 4 1 3 4 2 1 4 3 3 4 3 4 4 4 4 4 4 1 1 1 4 1 3 3 3 1 2 3 2 2 2 3 3 2 3 4.149187
4 1 1 2 4 4 3 4 3 3 4 4 1 2 1 3 4 1 3 1 1 2 4 2 4 1 4 1 2 4 2 4 2 2 4 4 3 4 4 1 3 3 2 4 4 4 4 2 3 2 2 2 3 2 3 4.396690
3 3 4 4 3 4 4 2 4 4 1 3 1 4 4 4 1 3 1 1 2 4 2 2 3 4 4 2 3 2 1 1 3 4 1 3 4 2 2 4 1 2 2 4 3 2 2 2 4 4 4 4 3 2 3 4.396824
2 4 4 4 4 3 3 4 4 4 1 4 2 2 3 4 2 3 2 2 4 2 4 2 3 3 3 1 4 1 3 3 4 4 4 4 4 3 1 3 3 2 4 2 2 4 1 4 4 3 4 1 3 1 3 4.301175
1 4 4 2 3 3 1 2 1 3 3 4 3 3 4 3 4 2 2 3 3 4 3 2 3 1 1 3 2 4 4 3 4 3 2 4 2 2 2 2 1 4 4 2 1 2 4 1 4 1 2 3 2 2 3 4.337809
2 3 1 4 2 3 1 3 3 3 3 4 3 2 4 1 2 2 4 3 3 1 3 1 1 1 1 1 1 4 4 1 2 3 1 1 1 2 4 2 4 4 1 2 4 4 4 2 3 4 2 3 4 1 3 4.121276
2 3 1 1 1 2 4 4 3 4 4 4 1 1 3 4 1 2 3 4 4 1 2 1 4 1 1 2 3 2 3 1 3 2 4 3 4 2 1 3 4 1 3 3 2 1 3 1 4 4 1 2 3 2 3 4.381879
3 1 3 1 1 4 1 3 4 3 1 4 1 1 2 1 2 2 3 1 1 1 3 4 2 4 1 3 3 1 2 2 1 1 2 1 4 4 3 2 1 1 2 3 3 2 2 4 4 2 4 3 4 1 3 4.264743
1 1 3 1 1 3 1 2 2 1 4 1 3 4 3 4 1 2 3 4 3 4 2 4 3 2 1 2 1 4 1 4 3 1 2 2 4 3 2 1 3 1 4 3 4 4 4 2 2 1 4 4 3 4 3 4.264075
1 1 3 4 2 3 4 4 1 3 2 4 3 4 3 4 4 4 1 2 4 1 2 1 4 2 3 4 4 2 4 1 1 4 2 4 4 1 4 3 2 1 4 3 1 2 3 2 2 2 2 4 3 1 3 4.473552
4 4 4 3 3 2 1 1 1 2 2 1 2 1 4 3 1 1 2 2 3 4 2 4 4 3 3 1 1 2 4 3 4 3 4 3 2 1 4 1 1 1 3 2 3 3 2 4 4 2 1 2 1 1 3 4.266499
4 1 4 4 3 3 3 3 3 2 2 3 2 3 4 4 1 4 3 3 2 3 2 4 3 3 4 2 1 2 4 1 1 1 4 1 1 1 4 1 1 1 2 2 3 4 1 3 2 3 1 3 2 1 3 4.085114
3 3 3 2 4 1 2 3 2 3 4 1 3 4 3 3 2 1 2 3 4 1 4 3 4 2 1 1 2 2 3 4 2 4 2 4 1 1 1 4 4 3 3 2 3 4 1 3 1 4 1 1 4 4 3 4.207537
2 4 2 3 3 3 2 2 4 4 2 3 4 3 3 3 4 4 2 2 2 4 3 3 1 4 3 4 3 2 2 3 4 1 3 2 2 1 4 4 4 4 4 3 4 4 3 3 2 4 2 1 1 4 3 4.191633
3 2 4 2 4 3 2 3 3 1 4 2 4 3 3 4 2 2 4 1 1 4 3 4 2 2 4 2 4 4 3 3 3 3 2 2 4 1 1 4 4 3 4 2 1 1 3 3 4 3 3 4 2 4 3 4.182257
4 2 4 3 2 2 3 3 2 1 4 3 4 2 2 1 4 2 1 3 4 1 4 4 1 3 1 1 2 2 1 4 3 4 2 4 4 4 2 3 3 2 2 3 4 3 4 2 2 3 2 2 4 3 3 4.292471
2 4 3 2 2 4 1 1 3 4 4 3 1 3 1 1 1 2 4 4 3 1 3 3 3 1 4 2 4 1 2 2 1 2 4 1 2 3 4 1 1 1 4 3 1 2 2 3 1 4 2 2 1 1 3 4.419452
1 4 3 1 3 4 1 4 1 2 2 4 3 4 2 2 1 2 2 3 4 2 4 3 4 2 1 2 2 1 1 4 3 3 3 2 4 3 2 2 4 2 2 4 4 1 3 3 1 4 3 1 1 3 3 4.233292
3 2 1 1 1 3 2 4 4 1 1 4 2 4 1 4 4 4 1 2 1 3 4 2 1 4 4 2 4 3 4 2 3 4 4 4 3 2 4 3 1 1 4 3 3 1 2 2 2 2 4 2 2 3 3 4.325620
2 3 3 2 2 2 2 4 4 1 4 3 1 4 1 2 4 4 3 3 4 2 3 3 2 3 1 3 4 2 2 3 1 4 2 4 1 4 4 4 4 4 3 4 4 1 3 3 4 1 2 1 4 4 3 4.188727
3 3 1 3 2 4 2 3 4 3 3 2 1 2 2 4 3 3 4 4 3 4 4 4 3 2 1 2 3 2 2 1 2 4 1 4 4 3 4 4 1 2 3 4 2 4 2 4 2 4 2 2 4 3 3 4.181405
2 3 2 2 4 3 2 4 3 2 4 2 4 1 4 3 4 4 1 2 4 3 3 2 3 3 3 2 1 3 4 1 3 3 4 4 1 4 3 3 1 2 4 3 4 1 3 4 3 4 4 3 1 1 3 4.032133
2 4 3 4 3 4 3 3 4 4 3 2 4 4 3 2 4 1 2 2 3 4 2 3 2 4 2 1 3 2 1 3 2 4 4 1 2 3 1 4 1 1 1 4 2 3 1 1 4 3 3 4 1 1 3 4.224486
3 4 1 3 4 3 4 2 3 4 3 1 2 2 4 1 3 4 1 3 4 2 2 4 2 2 2 1 3 2 1 1 3 3 4 1 4 1 1 1 2 1 1 2 2 4 4 4 4 4 2 4 1 1 3 4.345038
3 3 1 3 2 1 1 4 1 2 4 1 1 3 4 1 4 1 2 1 4 1 3 1 1 4 4 2 1 1 4 3 4 1 1 1 3 4 2 1 2 4 2 4 4 1 3 4 1 2 3 2 1 3 3 4.168974
3 1 4 4 1 1 3 3 3 3 1 2 2 4 4 3 1 4 1 4 2 2 2 4 2 2 2 3 4 1 2 4 2 1 3 2 4 4 4 1 3 1 1 3 2 3 2 2 2 2 4 1 1 1 3 4.294669
1 3 3 3 3 1 1 2 1 2 4 1 2 4 1 1 2 1 2 2 3 1 3 2 4 4 4 2 4 1 3 3 3 4 1 3 3 2 1 2 1 1 4 2 3 3 1 1 3 1 2 4 1 1 3 4.211370
2 4 1 3 3 3 4 1 3 2 4 3 4 2 2 3 2 1 2 4 1 1 4 2 2 3 3 2 2 1 1 1 3 1 2 1 4 1 1 1 1 1 2 3 4 3 4 2 1 4 1 1 4 1 3 4.225486
2 4 4 3 3 2 1 2 1 1 2 1 3 1 1 4 1 4 3 4 2 1 1 2 1 4 4 4 2 1 3 2 1 3 1 4 3 2 2 4 1 1 2 1 2 4 2 4 2 1 4 1 2 1 3 4.440605
2 1 4 4 3 3 4 4 2 1 2 4 4 2 4 2 2 1 2 3 3 2 1 2 1 3 2 1 1 1 3 2 4 1 2 1 1 4 2 2 1 1 2 3 3 1 2 4 2 3 1 3 2 1 3 4.239400
4 4 2 1 4 2 3 4 4 4 4 4 1 1 2 4 3 4 4 1 3 3 1 1 1 4 2 2 1 1 1 1 4 4 4 4 1 2 4 4 2 3 3 2 1 3 4 2 3 1 1 4 1 1 3 4.377295
2 2 3 2 3 3 1 1 3 1 4 1 4 4 1 4 3 1 1 4 4 2 1 2 2 2 4 2 1 4 4 3 1 4 3 2 2 4 4 4 1 3 3 2 1 2 2 3 2 1 3 4 1 4 3 4.313404
2 4 3 3 2 3 2 4 3 1 4 2 4 3 2 4 1 3 3 4 4 1 1 3 2 2 2 1 1 4 4 3 3 2 4 4 3 1 3 1 1 3 1 1 3 2 2 4 3 2 3 4 1 1 3 4.173891
4 3 2 3 3 4 2 3 3 2 4 1 4 3 4 4 2 1 4 2 3 2 2 3 4 1 1 3 4 2 4 4 1 1 1 1 3 1 2 3 3 4 2 3 4 1 4 1 2 1 4 1 4 4 3 4.344002
3 3 2 3 4 2 2 1 4 1 2 4 2 2 4 1 1 3 4 4 1 1 4 1 3 4 4 1 3 4 3 1 2 1 4 1 3 4 4 3 3 2 2 3 4 1 3 1 2 2 1 1 2 3 3 4.178587
1 1 2 1 2 2 1 2 1 4 3 2 3 1 4 3 4 3 3 4 4 4 1 4 2 1 1 2 3 1 4 1 2 4 1 2 1 3 1 4 3 1 4 1 4 1 3 1 1 1 1 3 3 3 3 4.365375
1 2 4 1 2 2 4 3 1 2 1 1 4 1 3 2 1 3 4 1 4 4 1 2 1 2 2 2 1 2 1 4 2 2 4 1 3 4 4 1 1 3 1 3 3 2 1 4 4 1 3 3 4 3 3 4.270756
2 3 4 2 2 1 2 1 1 1 4 3 4 4 2 3 4 1 4 3 2 3 1 2 1 4 1 3 4 4 1 4 2 3 4 3 1 3 3 3 3 4 1 4 3 1 2 1 1 4 1 4 3 3 3 4.285488
2 2 4 2 1 1 4 2 4 3 2 4 3 1 3 2 4 3 3 3 3 1 2 1 4 1 2 4 4 2 4 1 1 4 1 1 3 3 3 2 4 4 2 4 3 3 4 3 4 4 4 1 1 2 3 4.398848
4 4 2 3 2 1 3 4 1 4 3 4 1 3 4 2 3 4 1 1 1 2 4 3 2 3 4 2 4 2 3 3 1 2 2 4 3 4 4 1 4 4 2 1 3 3 1 2 3 1 2 3 4 3 3 4.264296
2 2 3 1 4 2 2 2 2 4 4 2 4 3 3 3 1 1 3 2 1 1 3 3 2 3 4 1 2 1 3 3 4 4 1 4 2 3 3 3 4 4 4 2 1 1 1 1 4 2 4 4 2 1 3 4.314691
4 4 1 2 3 1 2 4 1 4 1 1 2 2 1 4 1 4 2 4 3 3 1 1 2 1 4 3 1 3 4 3 3 2 1 1 1 4 4 1 3 3 1 1 2 2 1 3 3 4 4 4 2 3 3 4.402410
2 1 3 4 2 2 1 3 3 2 4 1 4 2 2 1 3 4 2 4 2 2 2 2 3 2 4 1 2 3 3 1 4 1 4 1 3 1 4 4 3 1 1 1 2 3 1 3 2 4 4 2 1 3 3 4.131107
2 3 1 1 1 3 3 4 4 1 4 1 1 2 3 2 1 4 2 4 1 4 4 2 3 4 2 2 4 4 2 4 3 4 2 4 1 3 3 3 4 4 1 1 3 3 4 2 4 1 4 1 1 2 3 4.293682
2 1 3 4 4 4 2 1 3 3 3 1 2 2 4 2 1 3 4 2 2 2 2 1 2 4 4 1 2 4 1 2 1 3 1 3 3 3 1 1 3 4 2 3 4 1 1 4 3 4 1 2 3 4 3 4.202781
2 1 3 4 2 4 1 1 3 3 2 4 3 2 2 1 4 2 3 3 3 2 3 4 3 3 2 4 4 1 4 4 2 4 4 2 2 2 4 2 3 3 3 3 4 3 1 3 2 2 3 2 3 2 3 4.283023
2 1 3 3 4 3 3 3 4 4 1 3 3 3 3 3 2 3 1 3 3 3 2 4 3 4 2 3 4 1 4 3 3 3 1 3 4 4 4 4 4 1 2 2 3 1 4 2 4 3 2 2 4 4 3 4.266013
2 1 1 1 2 2 3 2 3 4 3 1 4 3 3 2 4 3 2 4 4 1 3 1 4 4 2 1 4 3 2 2 4 4 1 1 3 2 1 1 4 4 3 1 3 4 4 3 4 2 1 4 3 4 3 4.136446
4 4 3 4 4 1 3 1 4 4 4 2 1 2 1 4 1 4 1 4 4 3 4 4 3 2 1 4 4 1 1 1 4 1 4 3 1 4 3 1 2 2 4 3 2 2 1 2 2 4 3 3 4 1 3 4.313189
1 3 4 4 4 1 2 4 2 3 4 1 4 4 2 4 2 4 1 3 2 2 2 2 4 2 4 4 4 4 4 2 1 4 4 1 4 3 2 3 4 4 1 3 4 2 2 4 4 1 2 3 4 3 3 4.390211
4 4 2 1 3 1 2 1 2 3 4 1 4 3 1 1 2 2 2 2 2 3 1 3 2 4 3 4 2 4 1 1 1 3 1 2 4 4 4 3 2 4 1 2 3 1 4 1 1 1 4 2 3 3 3 4.524161
2 3 3 3 3 4 3 2 3 3 4 3 1 1 4 1 3 4 2 2 3 4 4 2 3 3 2 1 2 3 1 3 2 2 4 4 3 3 3 4 1 3 2 4 3 4 3 3 4 2 1 4 4 4 3 4.113141
3 3 3 3 3 3 1 3 3 3 4 1 3 2 3 4 1 4 3 4 2 3 2 4 1 4 4 1 3 4 4 1 3 2 1 2 4 1 4 3 1 4 3 3 4 2 4 3 2 3 3 3 2 1 3 4.151099
3 3 4 4 3 3 2 3 3 1 3 1 3 1 4 3 3 4 3 4 1 4 3 3 3 4 3 4 2 2 3 2 2 3 3 3 4 4 3 4 1 4 2 1 2 1 3 4 3 1 1 4 4 3 3 4.120900
4 4 4 2 3 2 1 3 3 1 1 3 2 3 1 3 3 3 4 1 4 1 3 2 3 3 4 2 1 1 2 4 3 3 2 1 1 4 4 3 1 2 4 3 4 4 3 1 4 4 2 1 4 2 3 4.210141
3 4 4 1 1 1 3 3 3 1 3 4 4 4 2 3 3 2 1 1 1 3 2 3 4 3 2 1 1 1 4 4 3 2 3 2 1 3 2 1 4 4 2 2 3 4 3 3 1 1 3 2 3 4 3 4.233607
2 4 1 4 3 4 1 2 1 2 2 2 2 2 2 1 4 2 2 3 2 4 4 4 3 1 3 1 1 1 4 3 1 1 4 3 4 2 4 2 4 4 3 2 4 4 3 1 4 1 2 3 1 4 3 4.278300
4 1 3 4 1 4 1 1 4 1 4 2 4 1 4 4 3 3 3 4 1 4 1 2 2 2 2 1 1 4 3 3 1 3 4 4 4 4 1 1 4 4 4 3 3 4 3 1 1 2 3 4 2 1 3 4.418178
4 4 3 3 4 3 1 3 1 2 1 2 1 4 1 2 4 3 1 1 2 1 1 2 1 3 3 4 3 3 4 4 2 2 4 2 4 4 4 1 1 1 2 2 2 3 3 4 1 3 4 1 4 1 3 4.154854
4 4 2 3 1 2 1 1 1 2 4 4 3 1 3 4 2 1 1 2 2 4 4 1 2 1 3 4 2 2 2 3 3 3 4 1 1 1 4 1 1 1 4 1 1 2 2 2 2 1 3 3 4 4 3 4.396847
2 2 1 3 4 1 1 1 4 4 4 3 1 2 1 4 4 2 2 3 1 4 4 1 2 2 2 3 4 2 3 4 2 3 3 3 1 2 3 2 4 1 4 4 4 3 1 1 4 2 1 2 3 3 3 4.348121
3 3 4 3 2 1 4 3 4 1 3 4 3 2 1 2 4 1 3 3 3 1 3 3 3 1 3 4 1 1 3 4 3 4 2 2 1 1 1 4 3 2 1 3 3 4 3 4 3 1 1 4 4 2 3 4.149171
2 3 4 1 2 4 4 1 3 4 1 2 1 4 1 3 2 4 2 4 3 4 3 4 3 1 3 3 3 4 4 2 1 1 4 1 3 2 2 2 1 1 3 3 4 3 3 4 4 2 2 1 3 2 3 4.296896
1 2 1 2 4 1 4 2 1 1 4 1 4 4 3 3 2 3 4 2 4 1 4 3 4 1 4 3 4 4 2 1 4 4 4 3 2 2 1 4 4 1 2 1 1 1 4 4 2 2 1 4 4 4 3 4.494689
2 1 4 1 4 3 4 2 1 4 3 1 4 4 4 3 4 2 1 4 3 2 1 3 2 3 4 1 3 1 4 2 4 4 4 4 1 3 2 2 1 1 3 4 4 3 4 2 1 2 2 4 4 1 3 4.414756
1 4 3 3 2 2 1 3 3 4 2 1 4 2 3 1 2 4 4 3 2 1 3 1 4 4 4 3 3 3 2 4 4 4 4 4 1 2 1 4 2 1 1 4 4 1 4 1 4 3 2 2 3 2 3 4.276675
1 2 3 4 3 4 2 2 2 4 4 1 2 4 2 1 2 1 4 1 4 2 1 1 2 3 4 4 1 1 4 4 2 2 1 4 2 3 2 3 4 4 2 1 2 3 1 1 1 2 4 2 4 2 3 4.289660
1 4 1 3 4 3 3 1 4 4 4 4 1 3 2 3 2 1 2 2 2 2 1 4 1 4 1 4 2 1 4 1 4 2 1 1 2 1 4 4 1 4 1 4 2 2 4 4 4 3 3 2 4 4 3 4.346372
4 1 3 3 4 1 1 4 1 4 4 2 2 4 3 3 3 4 2 1 2 3 1 1 3 3 4 3 1 1 4 2 1 2 1 3 4 4 1 1 4 1 1 1 1 3 3 4 2 4 2 1 1 2 3 4.307128
3 3 2 1 3 4 3 3 1 2 1 1 1 4 3 2 4 1 1 2 3 3 4 3 3 1 4 2 1 2 1 2 3 2 4 4 4 1 4 1 1 1 1 2 3 3 4 3 3 1 4 4 4 4 3 4.784475
3 3 3 2 2 4 2 1 1 1 4 1 3 2 4 3 1 1 1 3 3 4 3 1 1 3 1 2 3 1 1 4 2 1 4 1 1 1 4 4 3 2 2 3 2 3 3 1 1 3 4 1 3 2 3 4.219881
3 2 3 3 2 2 3 1 1 4 1 2 4 2 1 3 3 3 3 3 4 2 2 1 4 4 1 3 2 2 3 4 1 3 2 3 4 1 4 1 4 3 4 1 2 1 2 3 3 2 1 1 1 3 3 4.294596
4 1 1 2 2 1 1 2 1 4 1 1 3 4 1 2 4 1 2 1 2 3 2 4 2 2 3 1 3 1 3 1 1 3 2 2 1 1 3 1 2 1 2 4 3 2 4 4 4 2 2 4 1 4 3 4.418466
2 4 3 4 1 1 4 4 1 1 3 1 3 1 1 2 4 2 4 4 1 3 3 2 4 1 4 3 2 4 2 4 4 4 3 2 1 4 2 1 3 3 1 4 2 2 2 4 2 2 4 4 1 3 3 4.355498
3 3 1 1 3 2 3 3 2 1 4 1 1 2 2 4 1 2 4 4 1 2 1 3 4 3 3 4 2 2 3 4 4 4 4 3 2 2 1 1 1 2 3 2 3 3 4 4 2 1 4 1 1 2 3 4.272027
3 3 3 4 4 1 2 1 4 1 1 2 2 2 1 2 2 1 3 1 4 4 1 3 3 2 3 3 1 2 2 4 2 4 1 2 1 1 1 2 2 3 3 1 2 1 4 1 1 3 3 3 2 4 3 4.122491
1 1 2 3 1 2 4 1 3 4 3 2 4 3 2 4 2 4 3 4 4 1 3 1 3 4 1 2 1 4 1 1 3 2 2 2 2 1 3 2 4 4 3 4 1 1 4 4 2 2 3 1 2 3 3 4.431415
4 1 4 1 1 2 1 1 4 4 3 1 3 3 2 4 1 2 2 3 3 4 4 3 1 3 1 2 1 3 4 4 4 2 1 1 3 1 1 1 3 2 2 2 3 2 3 3 3 3 4 4 4 3 3 4.372905
4 3 2 2 3 1 1 1 2 4 2 1 2 3 3 1 2 3 3 2 2 1 1 2 3 2 3 2 2 2 4 4 2 2 1 3 4 1 3 3 3 1 2 4 4 1 2 3 2 3 1 3 2 3 3 4.204434
3 1 3 2 3 4 4 3 2 3 2 2 1 1 2 3 2 2 2 3 4 4 2 3 3 2 1 3 3 1 4 2 3 4 3 2 4 3 1 2 1 1 4 2 1 3 2 2 2 4 3 3 2 2 3 4.251686
4 4 1 3 3 2 3 3 3 2 2 4 2 4 3 4 3 2 4 3 2 2 3 3 4 3 4 4 2 2 3 4 1 1 1 1 2 1 2 2 1 2 4 1 3 2 2 1 2 3 3 2 2 4 3 4.294504
3 3 3 4 4 3 2 3 2 4 2 2 2 1 2 3 2 2 2 3 2 3 4 3 3 3 2 4 3 3 3 1 2 2 2 2 1 2 4 3 4 4 3 2 3 4 4 1 4 3 1 1 4 4 3 4.124810
4 4 3 1 4 3 3 1 2 2 2 4 3 1 3 1 3 4 3 2 3 4 3 2 3 1 2 3 3 2 1 1 4 2 4 1 2 3 4 3 3 4 2 2 2 4 1 2 2 1 1 2 4 4 3 4.256606
3 2 2 2 2 4 2 2 2 2 4 3 3 3 2 2 4 2 2 2 2 3 4 2 2 4 4 2 4 4 2 3 2 2 2 4 2 2 2 3 3 1 3 4 4 4 3 4 3 1 2 3 2 4 3 4.312943
3 2 2 2 4 2 2 4 2 2 2 3 3 3 4 2 4 4 2 2 4 3 4 1 2 3 2 3 4 4 2 3 4 2 2 2 3 4 4 1 2 1 3 2 4 2 4 1 3 2 4 3 4 2 3 4.243118
4 2 2 3 1 1 1 4 4 2 1 1 2 2 4 1 2 1 1 4 4 4 3 4 4 2 3 1 3 1 2 1 4 1 2 1 3 1 4 2 3 4 1 1 1 3 1 4 4 2 4 1 3 4 3 4.421376
2 2 2 2 1 1 3 3 2 1 1 4 1 2 4 2 2 1 2 3 1 1 3 3 4 2 3 4 3 1 2 4 3 3 2 2 2 1 1 1 1 2 1 4 1 4 4 3 4 1 2 1 4 1 3 4.297523
4 1 2 1 1 4 4 2 3 4 3 3 2 4 2 3 4 1 4 3 2 1 1 4 2 1 1 3 4 4 3 2 2 1 3 2 3 3 2 4 3 1 4 2 1 2 3 2 4 2 2 3 1 3 3 4.410053
1 2 2 4 3 2 1 2 3 3 2 3 1 2 3 1 2 1 3 3 1 4 4 2 1 1 1 4 4 2 3 1 2 4 3 1 3 4 4 4 1 4 2 2 2 3 4 3 4 1 4 1 3 1 3 4.357377
2 1 1 3 4 1 1 1 1 2 1 3 1 4 1 1 4 1 4 3 3 2 1 1 2 3 4 3 4 3 3 1 1 1 4 2 4 3 3 4 4 4 3 2 4 1 3 1 1 1 4 3 1 2 3 4.190807
3 2 3 2 4 4 2 2 2 1 2 2 2 3 2 3 4 4 2 2 2 4 4 3 3 4 2 3 4 2 2 2 1 4 2 2 2 4 3 4 2 3 2 2 3 1 3 4 2 3 2 2 4 3 3 4.248703
4 3 3 2 3 2 3 3 2 2 3 4 3 4 3 1 3 4 2 3 4 4 3 3 3 1 4 3 2 4 2 4 2 2 2 4 2 4 3 4 3 1 3 2 4 1 3 4 4 1 2 4 3 1 3 4.178878
3 3 3 3 1 3 4 1 3 4 3 1 4 3 2 1 3 4 3 4 1 4 4 1 2 2 2 4 3 1 2 2 2 4 3 4 3 1 1 2 2 3 3 4 2 1 3 1 2 1 4 4 4 2 3 4.124347
1 1 2 2 1 1 2 2 1 4 3 3 3 2 1 2 1 4 2 4 2 4 1 1 2 2 3 4 1 1 2 1 4 2 2 2 3 4 3 3 3 3 2 4 3 4 4 4 1 1 2 3 1 2 3 4.390771
3 4 3 3 2 2 2 1 2 3 1 4 3 1 4 4 4 2 4 3 4 3 3 1 3 1 2 1 1 3 3 1 1 1 4 4 3 4 2 2 3 4 4 3 3 3 2 4 1 3 1 3 4 1 3 4.321623
2 3 2 3 3 2 1 1 1 4 1 2 1 1 1 4 2 1 1 1 4 1 2 2 2 4 4 3 4 3 2 1 1 2 2 4 1 1 4 2 1 4 3 1 2 1 2 1 1 2 2 1 3 1 3 4.322689
3 4 2 4 1 4 4 1 2 2 4 3 1 3 4 2 4 2 2 4 1 3 1 2 4 1 2 1 4 2 3 4 1 3 1 4 4 3 4 3 4 1 2 1 2 2 3 2 3 3 2 4 3 3 3 4.389749
4 4 4 2 2 4 3 1 3 1 4 2 3 2 2 4 3 2 1 3 3 4 2 3 1 1 1 3 4 2 4 2 3 2 3 3 1 4 1 4 3 1 2 3 4 3 1 2 1 4 2 4 3 4 3 4.272621
2 2 2 3 1 1 2 4 4 4 4 1 4 1 2 3 2 4 3 1 4 2 3 4 1 2 3 4 4 4 3 1 2 4 1 1 4 4 2 3 3 3 2 3 4 1 4 2 2 2 1 4 2 1 3 4.178005
3 2 3 1 3 1 3 3 1 2 3 3 4 4 1 2 1 4 2 2 4 3 3 2 2 3 2 2 2 2 3 2 4 4 3 3 4 3 4 3 4 2 4 1 1 4 1 3 3 2 2 1 3 2 3 4.318594
3 2 3 2 4 2 4 3 3 3 1 1 1 3 4 1 2 1 4 4 2 1 4 2 3 3 2 3 3 1 2 2 4 4 3 4 2 1 2 2 3 2 3 1 4 3 3 1 4 3 4 3 2 2 3 4.355395
4 3 4 3 1 2 1 3 1 1 2 2 4 1 3 2 1 2 2 3 2 1 1 4 3 3 3 3 2 1 3 4 3 3 3 1 2 3 3 2 4 4 3 3 1 3 4 2 3 2 1 4 1 4 3 4.170322
4 3 1 1 4 4 3 1 3 4 3 1 1 2 2 2 4 1 4 3 3 4 3 4 2 3 3 4 1 4 3 1 2 2 3 2 3 1 2 1 2 3 1 2 2 3 2 4 4 4 1 4 3 4 3 4.320183
3 3 1 3 2 4 2 1 3 1 1 3 1 1 1 4 1 2 3 3 3 4 1 4 4 3 2 4 4 1 4 2 2 2 4 1 1 3 3 4 3 3 2 4 3 4 4 1 3 3 4 4 2 3 3 4.248704
2 2 1 2 1 4 3 1 2 3 1 2 3 2 2 3 2 3 3 3 4 4 1 4 4 4 4 1 3 1 4 3 4 1 2 2 4 2 2 2 1 1 1 4 1 4 1 2 2 2 1 2 4 3 3 4.267016
2 4 4 1 1 1 3 2 4 1 3 1 4 2 3 3 2 4 4 4 4 3 3 1 1 3 3 4 4 2 4 2 2 2 2 4 2 2 1 4 3 4 2 3 3 3 2 2 3 2 4 3 3 1 3 4.233437
4 3 1 2 1 3 4 4 2 3 4 4 3 2 3 4 4 3 4 2 3 4 1 1 4 2 1 4 3 1 2 3 2 2 3 3 1 4 3 1 2 4 2 4 3 2 2 2 2 2 4 4 1 4 3 4.322705
3 1 4 2 3 1 3 4 1 2 4 3 3 1 4 1 4 2 2 2 3 2 4 1 1 2 4 1 4 3 2 3 2 1 2 3 3 4 4 2 3 4 2 2 3 2 3 2 1 4 4 4 3 4 3 4.205871
4 3 1 2 4 3 2 3 4 3 1 3 3 2 2 2 4 2 3 4 2 2 1 3 3 2 3 3 1 2 3 4 3 4 1 1 1 4 2 2 2 3 1 4 3 1 4 2 3 2 2 4 3 2 3 4.104070
4 3 2 3 4 2 4 4 4 1 2 2 2 2 4 4 4 2 2 4 2 1 2 3 3 1 3 2 2 2 4 3 3 4 4 1 3 1 1 4 1 4 2 4 3 1 2 3 4 4 3 1 3 2 3 4.489526
3 4 1 1 3 3 1 1 4 2 2 4 4 3 1 2 1 4 1 2 4 4 3 1 2 1 2 3 3 3 1 3 4 4 1 2 1 1 2 3 2 4 4 4 4 3 4 3 1 3 1 2 2 1 3 4.259167
1 3 2 4 1 1 4 4 3 3 1 1 4 4 1 2 3 1 2 3 2 4 1 1 4 3 4 1 3 4 4 3 2 2 2 3 4 1 4 4 2 1 3 1 1 2 1 1 3 1 3 3 4 2 3 4.303446
1 1 4 1 4 1 1 4 2 2 1 1 4 2 4 3 1 3 1 1 4 2 1 4 2 4 3 4 2 2 1 4 4 4 2 1 2 3 2 1 2 1 3 1 3 1 3 2 1 1 1 2 4 2 3 4.452055
3 2 2 1 3 1 4 2 4 4 2 3 2 1 4 1 3 4 3 2 3 4 4 1 4 3 1 2 4 2 1 4 1 3 2 3 2 4 3 3 3 4 4 4 1 2 2 3 1 2 2 2 2 4 3 4.328025
1 3 3 2 2 2 2 2 1 2 2 1 2 1 4 4 2 1 2 1 4 3 4 3 1 2 2 2 1 3 1 2 3 2 3 3 4 3 4 1 1 2 2 3 1 4 2 4 2 2 3 4 3 4 3 4.225932
4 4 1 2 1 1 2 1 3 1 4 1 4 1 4 1 4 3 1 4 3 4 4 4 3 3 1 3 1 1 1 2 2 2 2 2 3 1 3 4 2 2 4 4 3 4 2 3 1 1 2 3 1 2 3 4.461756
4 4 1 3 4 3 4 3 4 4 4 2 4 4 4 1 4 4 3 4 2 1 2 3 4 2 2 2 3 3 2 1 2 1 3 4 2 1 4 2 1 2 3 4 3 3 3 1 1 2 3 2 1 2 3 4.183428
2 4 4 2 3 3 3 3 1 1 4 2 3 3 1 3 3 2 4 3 3 1 1 1 2 3 3 2 4 1 3 1 4 4 2 1 2 1 2 2 4 2 4 3 3 2 1 2 2 1 1 1 3 3 3 4.161629
1 3 2 4 2 3 3 3 1 1 4 1 2 3 3 4 3 2 3 3 3 4 4 4 4 3 4 1 3 3 1 2 3 1 3 1 4 1 2 3 2 2 4 1 3 1 1 3 2 4 1 3 4 4 3 4.189704
4 3 1 3 2 3 3 3 1 4 1 2 3 3 2 3 1 3 3 1 4 4 3 4 3 2 4 2 4 2 3 1 1 4 3 4 1 1 2 2 2 4 1 1 3 4 1 3 4 3 3 4 2 1 3 4.148884
2 3 3 1 3 1 4 3 3 4 3 4 4 3 3 1 1 2 3 4 1 2 2 1 3 4 1 3 1 4 3 2 3 1 4 2 1 3 3 3 4 4 2 4 3 1 3 4 2 3 4 4 2 2 3 4.181546
4 3 3 2 1 1 1 4 3 4 3 4 3 1 1 1 3 4 3 1 1 2 3 3 4 3 3 4 4 2 1 3 4 3 2 2 2 4 2 3 2 2 3 2 1 3 3 4 2 4 1 3 3 2 3 4.283115
3 1 2 1 1 1 4 3 2 3 3 4 1 3 2 2 3 4 4 3 1 4 4 1 4 2 4 2 2 3 2 4 4 3 3 3 1 4 3 4 2 1 1 1 1 1 4 1 4 4 4 2 4 2 3 4.253058
1 3 4 2 2 3 3 4 3 4 3 1 4 2 1 4 3 4 1 1 1 4 3 2 1 3 2 2 3 2 2 3 3 4 4 4 2 3 2 4 1 3 3 1 3 4 1 1 2 1 3 4 4 4 3 4.294864
1 2 3 4 2 3 1 3 4 3 2 2 2 1 1 4 3 1 3 3 1 2 4 4 4 1 1 3 3 2 4 1 1 2 4 4 1 3 4 1 3 3 4 2 2 4 3 3 4 1 1 2 4 4 3 4.355886
4 4 3 2 2 1 4 4 4 2 1 2 2 4 2 3 3 4 4 4 4 3 4 4 1 3 4 3 2 1 1 2 2 4 4 4 1 4 2 2 4 1 3 1 1 1 4 4 1 4 1 3 1 1 3 4.357593
3 3 1 4 3 4 3 2 4 2 2 2 1 4 3 3 4 1 4 3 3 3 4 1 2 2 2 2 1 1 4 4 4 4 1 1 1 2 1 1 1 4 4 2 3 1 4 4 3 4 3 4 2 2 3 4.279904
2 1 3 3 2 2 3 3 1 2 1 2 3 4 3 3 4 2 3 3 3 2 3 2 4 2 3 4 1 2 4 4 1 1 4 2 2 1 2 3 4 1 4 1 1 4 4 3 4 2 4 1 4 1 3 4.107410
2 3 3 4 3 4 2 2 1 2 2 1 2 3 2 1 2 3 3 1 4 4 2 2 3 1 1 2 4 1 1 4 2 2 4 2 4 4 1 4 4 4 3 3 4 1 1 3 3 1 2 1 1 2 3 4.199687
2 3 3 3 4 3 1 1 4 2 2 2 1 1 3 3 2 4 4 2 3 4 3 3 2 4 2 4 3 2 2 1 1 1 2 1 3 1 3 1 1 4 4 3 4 2 3 3 4 4 4 2 2 4 3 4.083706
2 1 1 1 4 4 4 4 4 4 3 4 1 2 3 1 3 2 1 1 2 4 4 3 1 3 4 2 3 2 1 1 3 3 2 2 2 1 4 1 3 3 4 3 1 1 1 2 3 1 1 4 1 3 3 4.393148
1 1 3 2 2 2 3 3 3 2 3 1 1 3 4 4 3 2 1 4 4 4 4 1 4 2 1 3 4 3 1 3 4 4 3 4 3 3 4 4 2 4 1 1 4 2 2 2 4 1 4 4 1 4 3 4.342045
2 3 3 3 4 3 3 1 3 1 4 4 4 3 2 1 1 4 1 4 2 4 1 2 2 2 4 4 3 3 3 3 2 2 1 3 2 2 4 2 1 2 4 4 4 1 1 4 1 3 4 3 1 3 3 4.211157
1 4 3 2 4 1 1 3 4 3 4 2 4 2 4 3 4 1 3 1 4 4 2 3 3 4 3 1 3 3 3 4 4 3 2 1 4 1 3 4 2 1 4 4 1 1 2 2 1 3 4 1 3 1 3 4.268237
4 3 1 1 3 4 3 3 4 2 3 1 2 4 3 1 3 4 3 1 2 3 4 1 1 3 1 4 2 3 1 3 4 2 3 1 3 2 2 1 1 2 4 2 2 4 1 4 3 4 3 1 1 3 3 4.149358
2 3 2 2 4 3 1 1 3 2 2 3 3 1 2 3 3 3 1 4 2 3 4 4 3 1 1 4 4 3 1 4 1 3 4 3 4 3 1 4 4 1 4 2 1 4 4 4 3 2 4 1 1 2 3 4.181734
1 2 1 3 4 2 4 4 2 2 3 3 3 4 2 2 1 4 4 1 2 3 4 3 4 4 3 2 4 3 1 1 1 4 2 2 4 4 3 4 3 2 1 2 3 3 3 1 4 4 1 4 4 2 3 4.237118
4 1 1 4 2 2 4 3 4 2 4 4 3 4 2 2 2 4 1 1 3 2 4 4 3 1 3 3 1 4 2 2 3 3 3 2 3 3 1 4 2 1 4 1 2 2 4 1 1 2 3 4 1 4 3 4.244746
2 3 4 3 2 2 4 2 4 4 1 1 2 1 2 3 2 4 3 2 2 2 4 1 4 3 1 1 4 1 4 3 2 4 1 4 2 2 4 1 2 4 1 3 1 3 1 2 2 1 2 3 1 2 3 4.356932
3 2 3 3 3 2 1 3 1 4 4 4 1 2 3 2 1 1 2 3 2 4 1 2 4 2 4 4 1 4 3 2 4 1 4 3 1 1 2 3 4 3 4 2 2 4 1 1 2 1 2 4 2 4 3 4.276410
2 2 1 3 3 3 2 2 2 4 4 3 3 4 2 4 3 4 4 3 1 2 1 1 2 2 3 2 1 4 3 2 2 2 1 2 1 1 1 2 4 3 1 2 3 4 1 2 2 1 2 1 2 4 3 4.236659
2 3 2 3 2 4 2 1 3 1 3 1 2 3 2 2 2 2 3 2 1 2 4 3 3 3 3 2 2 2 3 2 2 2 4 2 1 3 2 3 1 4 4 1 4 3 4 2 3 1 1 3 2 3 3 4.254559
2 2 3 3 3 1 2 3 2 3 3 1 4 4 4 1 2 2 2 2 1 1 4 3 3 3 1 3 2 1 2 4 4 4 4 2 3 1 1 1 3 2 3 2 1 2 1 4 3 2 3 1 3 2 3 4.240114
2 1 4 2 4 2 1 3 1 4 4 1 1 3 1 4 2 1 4 3 4 1 4 2 4 3 4 4 3 1 1 2 4 2 2 2 1 1 2 2 3 1 2 4 1 4 2 3 3 2 4 3 2 1 3 4.326833
4 3 1 4 4 2 1 2 4 1 2 1 1 4 2 3 2 2 1 1 4 4 2 3 2 1 3 3 2 4 1 2 4 1 2 4 3 1 1 1 1 3 3 4 3 4 1 2 3 3 2 1 2 1 3 4.342910
4 4 1 2 4 2 4 2 2 4 4 3 3 2 3 2 3 2 1 4 4 4 3 2 1 2 1 2 2 2 2 1 1 2 1 1 1 1 1 1 1 3 3 1 1 4 4 3 2 4 1 2 2 4 3 4.438094
2 4 4 1 4 1 1 4 1 4 1 3 1 3 3 1 1 3 1 2 4 1 1 3 3 4 2 1 1 2 3 4 4 3 4 3 3 1 3 2 3 4 1 1 3 2 2 4 4 1 2 2 4 2 3 4.401786
1 3 4 3 1 3 3 4 2 3 4 3 3 4 4 2 2 4 4 1 4 4 3 4 1 2 2 4 3 1 3 2 1 2 1 3 3 2 3 4 1 1 3 3 1 3 1 2 1 4 1 4 2 3 3 4.225037
4 1 1 3 3 1 3 4 4 3 4 1 1 3 1 2 3 2 4 3 1 3 1 4 4 4 1 1 2 3 3 1 4 4 3 4 4 1 2 3 1 1 4 3 4 2 1 2 1 3 2 1 4 1 3 4.263225
3 1 2 2 3 3 3 3 3 2 2 4 1 3 1 2 2 4 4 4 4 1 2 4 4 3 4 1 3 3 1 2 3 2 2 2 1 1 1 4 4 2 4 3 2 4 1 4 2 3 4 3 4 2 3 4.041667
1 3 3 3 3 2 2 2 3 1 4 4 3 1 1 3 2 4 4 1 4 2 1 3 2 3 4 2 2 4 4 4 4 2 4 4 2 4 3 2 2 2 4 4 2 4 2 2 2 1 3 4 4 4 3 4.251534
3 3 3 2 2 2 4 1 4 4 4 2 2 2 3 1 1 4 1 4 2 3 3 4 3 3 2 2 3 3 4 2 1 4 1 1 4 2 2 4 3 2 4 3 3 3 1 3 2 1 4 4 3 3 3 4.234840
3 4 3 1 3 1 2 2 2 3 3 1 2 3 2 2 1 1 1 1 2 2 4 2 4 4 4 3 1 4 4 1 3 1 2 1 1 2 1 1 2 4 4 4 2 1 3 2 1 4 3 3 4 1 3 4.205996
3 4 4 2 2 4 2 3 3 1 4 4 1 4 2 2 4 4 3 3 1 1 3 4 1 2 2 4 4 1 1 3 2 3 2 4 3 4 4 3 1 1 1 4 3 2 4 3 2 3 2 1 3 1 3 4.069000
3 2 3 2 3 4 4 4 4 3 3 1 4 3 4 2 3 1 4 4 2 1 4 3 2 3 1 4 3 2 2 1 4 1 4 1 1 1 1 2 3 2 3 3 3 4 1 3 4 2 1 4 2 3 3 4.329393
3 3 1 1 3 2 2 3 2 2 3 1 3 2 2 1 4 2 4 3 4 4 4 2 1 3 4 3 1 3 3 1 3 4 4 2 3 3 1 3 2 2 1 3 3 1 3 1 3 1 4 3 1 4 3 4.128732
1 4 1 1 2 3 3 4 1 4 1 1 4 2 2 1 2 3 2 4 3 1 1 2 3 4 1 1 3 3 3 1 3 1 4 3 2 2 2 4 4 4 1 1 4 4 1 3 3 3 4 1 1 4 3 4.354545
4 1 3 2 1 2 3 3 1 3 3 1 3 4 4 4 3 1 2 3 3 2 4 1 3 2 4 4 3 3 1 2 4 2 3 1 2 4 2 3 4 4 1 1 4 1 4 1 4 3 4 1 2 1 3 4.425498
1 1 2 3 4 3 3 1 1 2 3 4 2 1 1 3 3 1 3 3 4 3 3 4 4 1 3 3 3 3 1 1 3 2 1 3 1 2 4 4 1 3 4 4 4 4 4 4 4 4 3 4 1 3 3 4.192139
1 1 3 2 4 1 3 2 1 1 3 3 2 3 1 3 3 1 1 3 3 3 4 3 1 3 4 1 2 4 4 4 4 2 1 1 2 2 1 1 4 2 1 1 3 3 1 2 3 3 2 1 2 1 3 4.316291
4 3 3 1 3 2 2 2 4 4 3 2 4 4 4 3 4 1 4 1 2 2 3 1 3 1 4 3 2 4 3 2 3 3 2 3 2 3 4 2 3 3 4 4 2 1 3 2 1 1 3 4 1 2 3 4.236102
2 4 3 4 2 2 4 3 3 1 3 2 2 3 2 3 3 2 4 2 1 1 3 1 3 2 3 2 3 3 2 3 4 2 1 1 3 3 1 4 4 1 1 2 3 2 4 2 2 3 3 4 1 4 3 4.201824
3 3 4 1 4 1 1 3 1 3 3 1 4 2 2 1 2 4 2 3 2 1 1 1 4 4 4 1 1 1 3 1 2 3 2 1 1 2 2 2 4 1 2 4 1 4 3 3 3 2 4 2 1 4 3 4.256517
3 3 4 1 2 3 1 3 1 1 1 3 1 3 4 1 1 2 2 2 4 3 4 3 4 3 1 1 1 1 3 2 2 2 1 2 3 2 4 1 4 1 4 1 4 1 3 2 3 1 1 2 4 1 3 4.278982
3 1 2 3 1 1 1 2 1 2 1 4 2 1 2 1 2 1 2 2 1 3 3 3 4 1 2 3 2 3 1 1 4 1 3 1 1 4 1 1 1 3 1 2 3 4 4 3 1 2 3 2 3 3 3 4.312286
4 1 4 2 4 3 4 2 2 2 2 1 2 2 4 4 3 2 4 3 2 4 3 1 2 4 2 1 4 3 3 2 4 3 4 1 1 1 1 2 1 3 3 2 1 2 3 3 3 4 3 1 4 4 3 4.313636
4 4 4 3 4 4 2 2 1 1 2 1 4 3 4 2 1 3 2 1 2 2 3 2 1 2 3 3 3 1 4 3 1 1 3 2 2 3 4 4 2 3 4 2 4 2 4 2 2 1 1 2 3 4 3 4.320800
3 2 2 2 4 2 1 3 2 2 4 2 1 2 4 3 1 2 3 1 4 1 2 3 3 1 3 1 1 3 3 1 2 3 1 1 2 3 2 3 3 3 3 1 3 3 3 4 2 1 4 3 2 3 3 4.318880
4 3 1 1 3 1 3 1 4 2 2 3 1 2 2 2 3 3 1 3 3 2 3 1 2 3 1 4 3 3 2 1 2 2 2 1 3 2 3 4 4 4 1 4 4 2 2 3 1 4 1 3 4 1 3 4.165697
1 2 3 1 1 3 3 2 1 2 2 1 3 4 3 4 1 2 1 4 1 4 3 3 1 1 4 3 3 3 2 3 1 4 1 3 4 3 4 4 3 4 2 1 1 2 2 2 1 2 1 2 4 4 3 4.211750
4 3 4 1 1 1 3 1 3 3 2 4 2 1 1 3 3 1 3 1 2 2 4 4 3 1 3 4 2 1 2 4 2 1 3 3 1 2 1 1 2 4 2 3 1 3 3 4 3 2 4 2 4 4 3 4.198434
4 1 4 1 3 2 4 3 3 3 2 2 2 3 1 1 1 4 3 1 4 1 4 4 3 2 1 2 3 2 1 1 3 1 3 1 4 1 1 4 4 1 1 2 2 3 2 3 3 1 3 1 2 1 3 4.158698
3 2 2 4 4 1 4 1 1 3 4 3 4 1 4 3 2 4 3 2 4 4 1 4 1 1 1 1 2 3 2 4 4 3 4 1 3 2 2 2 1 4 3 3 4 4 1 2 1 1 3 3 1 1 3 4.333119
2 4 1 3 3 4 3 2 2 4 4 1 4 4 1 2 1 4 4 4 4 4 3 1 2 2 2 4 4 4 1 1 1 3 3 1 1 1 4 4 1 1 2 4 3 1 4 4 1 3 4 1 4 1 3 4.320253
3 3 1 2 4 2 3 4 2 3 3 3 1 3 4 3 4 1 1 1 2 3 3 4 4 1 3 3 4 4 4 1 1 4 4 3 3 3 1 3 4 3 4 3 2 4 3 2 3 4 3 2 4 3 3 4.220101
1 2 3 4 3 3 3 3 3 4 3 4 3 2 4 4 3 3 3 4 3 1 2 4 4 4 4 4 3 1 3 4 2 2 3 2 3 4 1 4 3 3 3 4 2 3 4 4 4 3 3 4 1 2 3 4.233642
4 2 3 3 3 3 4 3 4 1 3 3 1 3 4 3 2 1 3 2 4 4 4 2 4 3 3 4 3 4 1 3 2 2 4 4 3 2 3 2 2 3 3 1 3 4 4 4 4 3 1 4 2 2 3 4.294565
2 3 4 3 3 3 3 3 3 1 3 4 2 1 2 2 3 4 3 4 1 3 4 3 2 4 4 4 4 4 1 3 1 1 3 2 4 1 1 2 3 3 3 3 4 4 1 3 3 4 3 2 1 2 3 4.056617
1 1 4 1 1 1 1 2 4 2 2 4 2 1 1 3 4 1 2 3 3 3 2 1 4 3 2 3 2 2 1 1 4 4 1 3 3 4 3 4 4 4 1 3 3 3 4 3 3 2 1 4 1 2 3 4.267618
2 3 3 3 1 2 3 1 1 2 3 2 4 3 4 4 2 3 4 1 1 3 3 3 1 2 4 2 3 3 1 1 4 3 3 3 2 4 1 3 2 1 2 3 1 3 1 3 1 2 1 2 2 4 3 4.331770
1 1 3 2 2 2 2 4 2 3 1 4 3 3 3 3 2 1 3 3 3 3 1 2 4 4 1 2 4 2 1 3 2 1 4 2 4 4 4 4 3 3 2 2 2 3 1 3 4 1 1 1 4 4 3 4.306059
1 2 3 2 2 2 4 4 3 3 2 2 4 1 4 2 3 4 2 4 4 3 1 4 1 4 2 2 1 2 3 3 1 3 2 2 3 2 4 1 2 3 2 4 2 4 4 4 1 2 4 3 1 4 3 4.278489
2 2 4 3 3 4 2 2 1 2 4 3 3 2 3 3 1 4 2 2 1 2 3 2 3 4 2 4 3 2 4 3 3 3 3 4 1 4 4 3 4 2 1 2 2 2 3 3 2 3 2 2 1 1 3 4.204032
2 2 3 1 4 3 4 3 3 3 2 4 4 2 2 2 2 1 4 4 1 4 1 1 4 2 1 2 2 2 3 2 2 3 2 2 3 1 2 1 4 3 2 2 3 2 1 3 4 4 4 3 4 2 3 4.346444
3 3 2 4 2 4 4 2 3 1 4 2 3 1 2 4 2 2 4 2 2 3 2 4 4 3 3 1 4 2 2 4 4 4 2 3 1 2 2 1 4 4 2 3 1 4 1 2 4 4 3 2 4 4 3 4.109930
2 4 2 2 3 2 1 2 4 4 2 4 2 2 4 2 2 1 2 4 2 2 4 2 4 3 3 3 2 1 4 4 2 1 1 2 4 2 4 4 4 4 4 2 4 3 4 2 3 1 2 4 4 2 3 4.412884
2 2 2 2 2 3 3 2 4 4 2 2 4 2 4 2 2 1 4 4 2 4 4 4 2 2 2 3 1 1 4 2 2 4 2 4 4 1 1 4 4 4 4 2 4 2 4 2 2 4 3 1 1 4 3 4.279123
4 4 4 4 2 2 2 2 3 3 2 2 4 2 2 3 1 2 4 4 4 4 2 3 2 2 2 4 2 4 2 2 2 1 3 1 2 4 4 2 2 1 3 2 4 2 4 4 1 1 4 4 4 4 3 4.338418
4 4 4 4 3 2 2 3 1 1 4 1 2 2 2 2 2 1 4 3 4 4 4 1 2 2 3 1 2 2 2 1 3 3 2 1 2 2 2 4 4 2 4 2 4 3 2 3 2 3 2 2 4 2 3 4.315951
3 4 4 1 2 3 1 3 2 2 1 3 4 4 3 1 1 4 4 4 2 4 3 4 2 4 4 1 4 2 2 2 1 1 2 1 4 2 2 4 1 4 1 4 1 1 2 3 1 1 2 2 1 2 3 4.367288
3 1 1 3 2 1 1 1 4 4 4 1 1 1 2 2 2 3 3 4 4 1 2 4 3 1 3 2 1 1 2 2 3 2 1 1 1 4 4 3 2 3 3 4 1 2 2 3 4 4 3 1 3 4 3 4.276967
2 1 1 3 2 4 1 3 2 3 4 2 2 3 2 4 1 4 1 2 1 4 1 1 1 2 4 1 2 4 2 2 1 4 3 4 1 1 2 3 2 4 1 3 4 3 1 2 3 4 2 4 4 4 3 4.306686
2 3 2 2 2 4 4 1 3 3 2 4 1 3 1 2 4 2 1 1 2 1 1 1 2 2 4 1 4 2 3 3 2 4 3 1 1 2 3 1 4 3 3 1 2 3 2 4 1 4 4 1 1 4 3 4.145320
2 2 2 3 3 2 4 2 1 4 2 4 4 4 1 3 2 3 2 4 3 3 4 2 3 1 4 3 1 1 4 3 3 2 1 4 3 4 2 1 4 4 2 1 2 3 2 3 3 4 1 4 4 4 3 4.296966
2 2 4 1 2 1 2 1 1 4 4 1 2 3 3 4 4 4 4 4 2 4 1 3 3 3 1 1 3 1 3 2 4 1 2 3 2 1 1 3 4 4 2 4 2 4 4 4 2 2 2 3 2 2 3 4.309563
1 3 2 2 4 1 3 4 1 3 3 1 3 1 1 3 2 3 1 4 1 3 3 4 2 4 3 2 1 4 2 3 3 2 1 4 1 2 4 2 2 4 3 1 3 1 2 3 1 2 2 3 4 3 3 4.189309
2 2 2 4 3 3 1 3 4 2 2 2 3 1 4 1 2 4 1 4 3 3 3 1 1 1 1 1 4 1 3 2 1 2 1 3 4 3 3 4 3 3 3 2 3 1 4 3 2 3 2 2 1 3 3 4.244910
4 1 3 3 1 1 2 2 2 3 4 3 2 3 1 4 3 1 3 2 1 4 4 1 1 3 1 2 2 2 4 2 3 3 4 4 4 3 4 3 2 3 1 4 2 1 2 2 2 4 3 2 2 3 3 4.395915
4 2 2 1 1 3 2 3 1 1 4 2 3 3 3 2 2 4 3 1 3 3 1 4 3 2 3 1 4 1 3 3 4 3 3 1 2 3 2 4 4 1 2 3 1 1 1 3 2 3 1 3 1 3 3 4.120687
2 1 4 2 3 1 4 3 4 4 2 4 1 4 4 4 1 4 2 3 1 1 1 1 2 4 2 4 3 3 1 2 3 1 4 1 3 1 1 4 3 2 1 3 3 1 2 2 3 4 2 1 2 3 3 4.417411
4 4 4 4 2 3 3 4 1 4 2 3 1 1 1 3 3 1 2 1 4 2 2 4 4 4 2 4 4 2 3 4 1 2 4 4 4 4 2 2 4 2 2 1 4 4 4 2 1 1 1 4 3 3 3 4.199861
1 1 2 4 4 4 4 2 3 4 4 3 4 4 4 4 2 3 2 2 2 4 3 1 4 4 4 4 4 4 4 1 2 3 3 2 3 1 1 4 2 2 3 1 4 3 4 3 4 1 2 4 3 2 3 4.409034
4 4 3 3 4 4 4 2 4 3 2 3 4 2 3 3 1 3 1 1 2 4 4 4 3 3 2 3 2 1 1 2 4 1 3 1 2 2 2 2 2 3 3 1 4 4 1 3 3 3 2 1 2 2 3 4.156725
4 4 3 3 4 2 3 4 3 1 3 1 3 3 4 3 1 2 1 3 4 4 4 1 4 2 3 1 2 3 3 3 3 4 1 2 1 4 3 3 3 1 3 4 4 4 4 4 3 1 3 2 2 1 3 4.296326
3 3 3 4 3 2 4 3 3 3 2 3 4 3 3 4 3 2 1 3 4 3 4 3 3 4 4 3 1 1 4 1 1 4 1 2 2 2 2 4 3 1 2 4 1 3 2 2 1 4 4 3 3 2 3 4.117359
2 3 1 3 3 3 3 2 3 1 1 4 1 3 1 3 2 4 3 3 2 1 4 4 3 3 3 1 1 1 3 2 2 3 2 3 1 3 3 2 3 4 4 4 1 4 1 2 2 2 1 4 2 4 3 4.150478
3 4 3 2 2 1 1 2 4 2 1 2 2 1 1 3 4 4 2 3 2 4 4 2 3 3 1 3 1 1 1 2 3 1 2 3 2 3 2 3 4 3 4 1 2 4 4 1 1 1 2 2 4 4 3 4.432430
4 3 4 2 2 2 3 3 4 2 1 4 2 4 4 4 2 4 3 3 3 2 4 4 3 3 1 2 4 1 2 4 2 3 1 2 2 4 4 4 2 2 1 4 3 3 2 2 3 2 2 4 2 4 3 4.279077
2 4 1 2 4 2 4 2 3 3 3 2 2 4 4 2 1 4 3 2 4 2 2 1 2 2 2 2 1 4 1 3 3 4 4 3 2 2 4 4 1 2 4 3 1 3 2 1 1 2 2 2 2 4 3 4.292428
2 2 2 1 1 2 3 3 3 2 1 2 3 1 2 2 2 2 2 2 3 1 3 4 2 2 4 3 3 3 2 2 4 4 1 2 4 3 3 2 4 4 4 4 3 3 2 1 3 4 2 4 1 4 3 4.019819
4 2 2 3 2 3 3 3 2 1 4 2 3 1 4 2 2 2 4 3 2 3 3 2 3 1 3 3 3 3 4 2 4 2 2 1 4 4 2 4 4 4 2 2 1 2 2 4 3 3 3 4 4 2 3 4.287472
3 4 2 1 2 2 4 1 2 2 1 4 4 3 2 2 4 2 1 3 4 4 3 2 2 4 2 4 2 2 4 1 4 1 2 1 1 1 4 4 2 3 1 2 1 2 4 3 2 3 2 4 2 3 3 4.232863
4 2 1 2 2 2 3 3 4 1 4 4 4 3 2 1 2 1 4 4 4 1 1 4 4 4 4 4 1 1 2 2 1 4 4 2 2 1 3 2 2 4 1 2 4 2 4 3 3 1 3 3 4 4 3 4.318658
4 4 1 4 2 2 4 4 4 4 4 2 4 1 1 4 2 3 4 4 4 1 2 4 3 1 2 1 2 4 3 1 3 3 4 1 3 4 4 3 3 4 4 4 2 4 2 4 3 2 1 4 4 2 3 4.433911
2 3 1 1 2 1 2 2 2 3 3 3 1 1 3 2 4 3 3 1 1 2 2 2 1 1 4 4 1 2 1 4 4 3 1 2 2 4 4 4 2 3 1 2 2 1 2 3 4 1 4 1 2 3 3 4.285339
2 1 3 1 4 1 3 2 4 3 3 3 3 4 4 1 2 4 3 4 2 1 3 1 2 4 2 3 3 1 2 3 2 1 4 1 4 4 1 2 3 1 1 1 3 2 1 1 2 3 1 3 1 3 3 4.108176
1 4 1 2 3 4 3 3 1 3 4 1 1 3 1 2 2 3 2 3 1 1 4 1 2 3 2 1 4 3 3 3 2 2 4 4 2 1 1 3 3 2 4 2 2 1 1 1 2 1 4 1 1 2 3 4.244902
2 2 3 1 1 1 3 1 1 3 3 3 4 1 4 2 2 1 3 4 4 3 2 3 1 3 2 1 1 1 4 1 3 2 1 4 4 4 2 4 1 4 4 2 3 4 1 4 3 1 1 3 1 3 3 4.286302
1 3 3 3 3 4 4 2 3 1 4 1 3 1 1 2 1 1 2 3 3 4 1 3 3 3 4 3 1 4 2 4 1 2 1 3 4 2 4 3 3 4 4 4 3 1 4 4 3 2 2 2 4 4 3 4.152517
4 3 1 3 1 1 3 3 3 3 4 1 1 4 3 1 4 2 1 4 3 3 3 4 4 4 2 4 2 2 2 1 4 1 2 2 1 1 2 1 3 3 4 3 3 3 2 3 2 1 4 4 1 3 3 4.231958
2 3 4 4 1 1 2 2 2 4 4 2 2 4 3 1 1 3 4 1 3 4 4 2 3 4 2 4 3 4 3 3 4 4 4 3 2 2 1 3 3 4 4 4 2 4 1 2 4 1 3 1 1 2 3 4.221922
1 1 2 1 4 4 3 2 2 1 1 2 2 3 4 1 1 3 2 2 4 1 4 4 3 3 2 1 4 1 2 4 4 3 2 3 4 2 3 3 2 3 3 4 1 2 4 2 4 2 3 2 4 1 3 4.346700
3 2 3 1 1 2 1 1 2 3 1 1 1 3 3 1 4 2 1 2 1 2 4 3 3 2 4 4 4 3 3 1 2 3 2 3 2 4 3 1 2 2 3 2 4 2 4 4 3 3 4 2 2 3 3 4.302841
3 3 2 4 2 3 3 1 1 1 1 1 1 3 3 2 1 1 3 3 1 2 3 3 2 3 3 2 4 4 4 3 4 4 1 3 2 4 2 1 4 3 2 2 2 4 4 3 4 2 1 1 3 2 3 4.275762
3 4 3 2 2 1 1 2 3 4 2 4 2 1 3 2 4 3 2 4 1 2 1 4 2 3 1 4 1 1 2 3 3 4 1 1 3 2 2 3 4 2 2 1 2 3 1 2 3 4 2 4 3 1 3 4.112893
2 2 2 4 2 3 2 1 1 4 2 2 3 4 4 3 1 3 1 3 3 2 3 4 2 2 2 2 4 4 2 3 4 3 4 1 2 3 3 3 2 3 1 2 2 2 3 3 4 1 4 2 1 2 3 4.239833
4 4 2 3 2 4 4 2 2 3 3 2 3 2 2 1 1 2 2 3 1 2 3 2 2 4 3 1 4 1 1 2 3 3 3 3 1 3 1 2 1 3 1 2 2 2 2 2 4 2 2 3 3 1 3 4.210890
2 2 2 3 1 1 3 4 4 2 3 4 2 3 3 2 4 1 3 3 2 1 2 2 4 3 4 4 2 3 2 3 2 2 2 2 1 1 3 4 3 2 3 3 2 4 4 2 4 1 4 3 4 4 3 4.373883
2 2 1 4 1 3 1 4 4 3 1 4 2 2 2 2 3 4 1 1 4 4 3 3 3 2 2 2 2 3 2 2 3 2 2 4 3 3 4 4 3 2 2 2 4 4 2 3 3 2 1 3 1 4 3 4.240370
4 4 1 2 1 4 3 2 3 4 1 4 3 1 4 4 4 3 2 2 4 4 1 4 4 4 4 1 1 2 4 3 2 2 4 3 3 4 3 3 2 3 4 2 3 2 2 1 2 2 3 1 4 4 3 4.374908
4 3 2 4 1 4 2 3 2 4 4 4 4 4 2 4 4 2 2 2 3 3 4 1 2 1 2 3 1 3 1 4 4 2 4 3 3 4 1 3 3 4 2 1 4 4 2 4 4 3 4 4 4 3 3 4.385637
3 2 1 3 1 2 2 3 1 3 2 4 2 2 4 1 3 1 3 1 2 3 4 1 1 2 4 4 3 1 3 1 1 1 3 2 2 4 4 1 4 4 3 4 2 3 3 1 2 1 4 1 2 2 3 4.091272
1 2 2 3 2 1 2 3 2 1 1 1 2 1 1 1 4 1 1 4 1 2 3 3 1 4 2 4 3 3 2 3 1 1 3 1 2 2 2 4 1 2 1 1 2 3 1 3 1 3 3 4 2 4 3 4.341155
3 4 3 4 1 4 2 1 4 2 2 3 3 4 2 1 2 2 3 1 2 3 1 3 1 3 4 3 2 3 3 2 1 3 1 3 4 2 1 2 3 3 1 1 3 2 2 3 4 2 3 4 1 4 3 4.269515
1 3 4 3 1 1 1 1 1 2 4 3 4 1 4 4 2 1 3 4 1 4 3 3 4 4 3 3 3 4 1 4 2 3 3 1 1 2 2 3 1 3 4 2 3 3 1 4 1 4 3 1 3 1 3 4.326792
4 4 1 1 4 1 1 1 1 3 3 2 3 1 1 4 2 4 4 2 4 3 1 2 1 1 3 1 3 4 3 3 3 3 1 1 1 4 1 1 3 4 1 3 3 4 1 1 4 2 3 3 1 2 3 4.353106
3 1 4 2 4 2 4 1 1 3 4 2 3 3 2 1 2 4 2 2 2 2 3 1 4 2 1 4 1 4 3 3 3 4 4 4 2 4 1 1 4 3 2 4 3 2 2 2 4 2 4 1 2 1 3 4.385714
4 4 4 1 1 1 3 2 2 2 2 1 1 2 1 4 2 4 1 3 4 4 2 4 1 1 4 2 1 3 4 2 4 2 2 2 1 1 4 3 4 1 3 3 1 2 2 4 2 4 1 2 3 3 3 4.264697
3 1 4 1 4 1 4 1 3 2 2 4 1 1 1 2 3 1 1 1 3 3 4 4 3 4 1 1 2 4 4 2 4 1 1 2 2 4 2 2 2 4 2 3 1 2 4 4 1 4 2 2 3 1 3 4.333095
4 1 4 1 3 2 3 1 4 3 1 1 2 3 4 3 2 2 2 4 3 4 3 3 4 2 3 4 4 2 4 2 3 4 2 2 1 4 1 1 3 4 1 1 2 3 4 4 1 4 3 1 1 1 3 4.270785
4 4 4 4 1 3 4 3 4 3 1 1 3 4 1 3 1 2 4 4 3 4 3 3 4 4 4 1 3 2 3 2 1 4 1 4 4 2 1 1 1 4 2 3 4 2 2 1 2 2 1 2 2 3 3 4.285671
1 3 4 1 3 1 2 2 1 1 1 4 4 4 3 2 3 1 3 4 2 3 4 4 4 3 3 4 2 4 4 1 3 2 2 4 1 1 3 1 1 2 4 3 3 4 4 2 2 2 4 2 2 4 3 4.259193
4 4 2 4 1 3 3 2 1 1 1 4 4 1 3 2 2 2 4 3 4 3 4 4 1 3 1 3 2 4 4 4 4 4 1 3 1 1 2 2 4 2 4 3 3 3 4 2 1 1 2 2 2 1 3 4.341439
3 4 3 3 4 3 2 1 3 3 2 2 4 1 4 4 4 4 3 4 4 2 2 1 1 4 2 3 3 2 4 1 2 1 3 2 2 1 1 1 1 2 1 3 1 1 4 3 2 4 4 1 4 2 3 4.211562
3 3 3 2 3 2 2 4 2 4 1 4 2 3 1 4 2 2 3 1 4 4 1 1 3 1 4 4 1 4 2 1 3 4 2 2 2 4 4 4 2 3 2 1 1 2 4 1 2 3 1 1 4 1 3 4.229596
1 1 4 3 1 4 2 4 4 1 3 2 1 1 4 4 1 3 1 1 2 3 2 3 1 3 1 3 4 2 1 1 3 4 2 2 4 1 2 2 4 4 3 1 1 2 3 1 4 1 2 4 3 1 3 4.418312
4 4 3 1 2 4 1 1 4 3 4 1 4 2 2 2 2 4 1 3 4 2 1 4 4 4 4 3 3 1 2 2 4 3 4 3 3 2 2 1 2 3 1 3 3 4 1 4 2 4 1 2 2 2 3 4.421391
3 1 3 2 1 4 4 1 2 2 4 4 4 3 4 4 4 2 3 3 4 2 3 3 4 4 2 1 4 4 3 4 4 2 4 3 4 2 3 3 2 3 1 1 1 3 2 4 4 1 1 3 4 3 3 4.491758
4 2 1 2 4 3 4 2 2 1 3 2 3 2 2 4 3 4 2 2 2 4 1 4 4 1 2 2 1 2 4 1 4 1 2 1 4 1 4 4 4 4 3 4 2 1 4 1 3 2 2 3 4 4 3 4.332391
2 4 4 3 4 2 1 3 3 4 4 4 4 4 4 2 1 3 2 2 4 2 4 2 3 2 4 3 3 2 3 2 2 4 2 4 3 3 1 4 3 4 2 3 1 2 4 1 1 4 4 4 2 4 3 4.282311
4 2 1 4 1 2 2 1 1 1 1 1 4 2 1 4 4 3 2 1 4 3 1 2 1 3 1 2 2 1 3 2 1 2 1 3 4 1 1 3 3 4 1 4 3 2 4 1 2 1 1 1 3 2 3 4.491745
4 3 3 4 3 4 1 2 4 4 1 2 3 1 2 4 1 3 4 1 3 3 3 3 3 3 2 3 1 3 1 1 3 1 1 4 1 4 1 3 1 2 3 4 2 2 1 1 1 3 3 1 4 3 3 4.361471
4 4 2 2 1 1 1 4 1 2 2 4 1 4 2 1 4 3 4 3 2 4 4 2 1 4 4 3 1 2 2 4 2 2 4 2 4 2 3 2 1 2 2 2 4 1 4 2 4 3 2 4 4 4 3 4.381784
4 2 1 3 1 3 2 3 1 4 4 1 3 1 1 4 3 1 4 4 4 4 2 4 4 3 3 4 2 1 1 2 2 4 4 1 1 1 4 1 4 2 3 2 2 4 4 2 4 1 2 1 1 3 3 4.238274
1 2 1 3 2 4 4 4 1 4 1 4 4 1 4 1 1 1 4 2 4 3 4 1 4 3 2 4 3 1 1 2 3 2 3 1 3 2 3 3 2 2 4 1 1 3 1 2 4 1 1 3 2 3 3 4.447785
4 2 1 4 1 2 2 3 2 4 1 4 2 3 1 4 1 1 3 4 1 1 1 1 3 4 2 3 3 1 1 3 4 2 3 2 4 1 2 4 1 1 1 4 1 4 1 2 4 3 1 4 4 2 3 4.389245
3 4 1 2 4 1 3 2 2 4 2 1 4 4 4 2 1 1 1 3 2 2 3 3 4 3 4 2 1 4 3 1 1 3 3 3 1 1 4 1 4 1 1 2 3 4 4 1 4 4 4 3 4 1 3 4.374291
4 1 2 2 2 1 4 3 1 4 1 4 4 3 2 2 2 4 2 3 1 1 1 1 3 4 1 1 1 2 1 1 1 3 1 2 1 1 1 1 3 1 4 1 4 2 3 2 2 1 1 1 3 4 3 4.231876
1 4 4 3 4 2 4 1 2 3 4 2 3 4 2 3 1 2 3 4 2 4 2 2 4 4 1 3 3 3 2 3 1 1 1 4 1 1 3 1 4 2 1 2 2 1 3 1 4 4 4 1 1 3 3 4.376519
4 2 1 3 1 2 1 1 4 2 1 3 1 2 1 3 4 1 3 4 4 3 4 3 4 2 2 3 3 3 4 1 3 2 4 4 1 1 1 3 2 4 2 1 1 1 1 3 3 4 1 4 2 4 3 4.288773
4 4 2 4 4 1 2 1 1 1 3 1 4 2 1 3 2 3 3 4 3 4 1 2 4 4 4 1 1 4 4 3 4 3 3 3 1 3 3 4 2 1 4 2 1 2 1 3 1 1 3 1 4 2 3 4.337400
2 2 1 4 1 1 3 2 4 1 3 1 1 3 3 2 1 4 4 1 4 1 2 2 4 1 1 4 3 3 3 2 2 1 3 1 4 1 4 4 1 1 3 4 2 2 2 4 2 2 4 3 2 4 3 4.350737
3 3 2 1 3 1 2 4 4 4 4 4 2 4 2 1 3 3 4 1 2 1 2 4 2 4 3 2 1 1 3 4 3 4 4 2 3 4 2 2 1 1 2 4 2 4 4 1 3 1 2 1 3 3 3 4.431753
3 3 4 2 4 2 4 4 4 4 4 4 4 2 4 1 4 4 4 4 4 3 2 3 4 3 3 2 2 3 4 1 1 2 2 4 4 4 2 4 4 4 2 2 4 2 2 2 2 3 4 4 3 3 3 4.413707
4 1 2 1 4 3 4 4 3 4 1 1 4 1 4 4 3 4 2 1 4 4 4 2 2 1 2 2 4 2 1 2 4 2 2 3 4 4 2 4 3 4 3 2 4 4 1 1 2 2 3 1 2 2 3 4.425067
4 4 4 4 4 3 4 4 1 2 4 3 4 4 4 3 3 4 3 4 4 3 2 1 2 4 4 4 1 1 1 1 4 4 3 1 1 4 4 2 4 4 4 4 4 4 4 2 4 2 4 3 3 3 3 4.368019
3 4 4 4 2 1 1 4 4 4 2 4 2 2 3 3 4 3 1 2 1 2 4 2 4 3 4 3 3 1 1 2 2 4 3 2 3 2 4 4 3 4 2 4 4 1 4 2 3 1 3 4 3 4 3 4.357025
3 2 4 3 2 4 2 4 2 3 3 3 3 1 4 2 1 2 4 2 2 3 2 1 1 2 2 3 2 3 2 4 2 4 3 4 4 3 2 2 2 3 4 1 2 3 3 4 1 2 4 4 3 4 3 4.190340
4 3 3 3 3 3 3 2 4 1 3 2 2 4 4 4 4 3 3 1 2 3 2 4 2 3 3 2 4 4 2 4 2 4 4 1 1 1 2 3 4 3 3 1 2 2 2 1 3 3 2 2 2 4 3 4.294284
4 2 3 3 3 4 1 3 2 2 3 4 4 2 3 4 1 3 2 3 2 3 2 4 4 2 1 3 4 2 2 2 4 3 2 3 4 4 3 4 3 3 3 2 3 3 2 4 4 1 1 3 3 4 3 4.159923
4 2 4 3 3 3 2 4 2 2 3 3 3 2 2 4 3 2 3 1 4 3 2 1 4 1 4 4 1 2 2 4 1 3 1 3 2 3 2 3 4 3 2 2 4 3 4 2 4 1 1 3 3 3 3 4.168522
3 3 2 3 4 1 4 1 1 2 1 1 4 3 4 1 4 3 4 1 4 3 4 1 4 3 4 2 3 4 3 1 4 1 1 1 3 4 4 2 4 1 3 2 1 3 1 4 3 2 1 2 2 2 3 4.380477
3 2 4 1 3 1 1 4 2 1 1 1 1 3 4 1 1 3 1 1 2 2 2 4 1 4 2 3 4 3 2 1 4 1 2 4 1 4 1 4 1 2 4 3 4 1 1 4 4 3 1 4 2 3 3 4.307288
2 3 2 4 1 2 2 1 1 4 1 1 1 2 1 1 3 3 4 4 2 4 4 2 4 2 1 4 2 1 1 4 4 2 1 3 1 4 2 1 1 1 3 1 4 3 1 1 3 4 1 1 3 4 3 4.318427
1 4 1 3 2 3 2 4 1 1 4 4 4 4 2 2 3 4 2 4 2 3 4 4 2 4 1 3 2 1 2 1 4 2 1 1 4 1 1 2 2 3 4 1 3 4 4 1 1 1 3 1 2 3 3 4.211088
4 1 1 3 1 3 1 3 4 4 1 1 1 4 1 2 1 4 4 4 1 3 2 3 4 4 4 2 1 1 2 4 2 3 3 2 2 1 1 1 1 4 4 4 4 2 2 3 1 1 1 3 2 1 3 4.267257
4 3 1 4 1 1 1 1 3 1 1 2 1 4 4 3 2 1 3 4 1 4 1 1 1 1 3 1 3 1 4 4 4 3 2 4 3 3 1 2 1 1 3 1 1 1 3 4 4 2 4 2 4 3 3 4.253956
1 3 1 2 3 2 4 4 1 2 2 1 1 4 1 1 4 1 3 1 4 1 4 4 4 2 1 3 1 1 3 3 1 3 1 4 1 1 3 4 1 1 1 4 3 3 4 1 3 1 4 1 3 2 3 4.275046
3 1 1 1 2 3 1 1 3 2 2 1 4 2 3 3 4 4 4 2 4 1 1 4 1 3 1 1 4 3 1 3 1 4 4 4 1 1 4 3 1 1 4 4 4 2 4 3 2 2 1 1 3 1 3 4.213704
3 1 4 1 1 1 1 4 4 1 4 1 4 3 3 1 2 3 2 1 1 3 3 1 2 2 2 2 3 1 3 4 4 4 2 2 2 3 1 3 1 1 2 4 3 2 2 1 4 1 3 4 1 2 3 4.389714
4 1 1 2 4 3 1 1 4 2 2 2 4 2 3 3 3 2 1 3 4 4 4 2 2 2 2 4 1 4 2 3 3 3 4 1 1 4 3 4 3 3 3 4 1 1 1 2 4 4 4 4 4 2 3 4.286537
4 4 4 1 4 3 1 2 2 3 2 3 4 4 3 4 1 3 4 1 3 3 1 3 4 1 4 1 1 1 1 2 3 1 3 2 4 4 4 2 4 3 1 4 3 1 4 1 1 3 1 4 4 4 3 4.330274
1 2 3 3 1 4 4 1 1 2 4 1 2 4 3 4 4 4 2 4 1 2 3 3 2 4 2 1 3 1 3 3 1 3 2 1 4 1 4 4 3 2 1 2 2 2 3 3 3 4 2 2 4 4 3 4.310619
3 3 4 1 4 1 2 1 3 4 4 3 3 3 4 1 1 3 4 3 3 4 4 3 2 4 3 3 1 3 2 2 3 3 2 3 4 4 3 4 2 3 3 2 4 1 2 4 4 3 2 3 1 4 3 4.248099
4 4 4 2 2 1 1 2 1 3 3 3 1 4 4 4 3 3 3 3 3 2 3 3 1 4 1 4 2 2 4 1 3 1 1 2 4 4 3 4 3 3 2 2 3 4 3 3 4 4 2 4 2 3 3 4.318986
4 1 1 2 4 4 4 3 2 1 3 4 3 1 1 2 3 1 3 4 2 1 3 1 2 1 3 4 3 2 3 2 4 3 2 3 3 3 2 3 3 1 2 4 1 1 1 1 4 4 3 2 4 3 3 4.353941
1 1 2 3 4 2 1 4 3 3 1 1 4 4 1 3 3 4 1 2 2 3 1 1 3 2 3 3 4 1 1 2 1 1 3 3 1 1 2 1 2 2 4 1 3 2 3 3 1 1 3 1 4 4 3 4.334917
2 3 2 4 4 3 3 2 4 3 3 1 2 1 1 1 3 1 1 2 4 1 1 3 1 3 3 1 1 1 2 2 3 3 3 3 4 3 1 1 2 4 1 1 2 4 4 1 3 3 1 1 1 2 3 4.363681
1 3 4 3 3 3 3 3 1 1 1 2 2 2 2 4 3 2 1 2 3 1 4 3 1 4 4 1 2 3 3 1 3 1 4 4 1 3 4 2 4 4 1 1 4 4 1 2 3 2 4 2 1 3 3 4.182004
1 2 2 4 3 3 2 4 1 1 1 1 3 1 3 3 3 4 1 2 2 2 4 1 4 1 1 1 3 1 3 1 2 4 1 4 1 2 1 1 2 4 1 4 3 4 1 3 3 3 1 4 4 4 3 4.432994
1 2 1 2 1 4 1 1 1 1 1 1 3 3 3 4 3 4 2 4 2 3 1 4 2 4 3 4 1 3 1 4 4 1 2 1 1 1 4 4 4 4 1 3 2 1 1 1 3 3 3 4 1 3 3 4.368538
1 2 3 1 4 1 4 4 4 2 3 1 4 3 1 1 4 3 2 4 4 1 3 3 2 3 2 2 1 2 1 1 4 1 1 1 3 4 2 3 4 1 4 4 1 4 2 2 3 4 4 1 3 1 3 4.457437
4 4 3 2 1 3 4 4 4 3 1 1 3 4 1 1 2 2 2 1 1 2 4 1 1 1 3 3 2 4 2 3 1 1 2 3 4 2 1 1 2 3 1 3 2 4 1 1 3 2 3 4 2 3 3 4.351873
1 2 4 1 2 1 1 2 2 2 1 3 4 1 1 1 2 4 4 4 1 1 4 1 1 4 1 3 2 4 2 4 4 1 4 3 4 3 2 3 4 3 3 3 3 2 1 2 3 1 2 3 2 3 3 4.402377
3 2 2 4 4 4 4 3 4 4 4 4 3 2 1 2 1 4 4 1 4 2 4 2 1 3 3 3 2 1 3 1 2 2 4 3 4 1 1 1 1 2 2 4 4 3 1 1 4 1 2 1 4 1 3 4.290068
1 2 2 2 2 1 1 3 4 2 4 2 4 1 4 1 4 1 2 4 4 2 4 3 3 3 4 1 4 1 3 3 3 4 4 1 4 1 2 4 4 4 1 2 1 3 1 1 4 3 1 1 1 2 3 4.450274
4 4 1 4 4 1 1 4 2 1 1 2 1 4 4 1 4 2 1 3 4 3 4 1 1 3 1 1 2 4 4 4 4 4 1 3 4 1 1 2 2 2 4 3 2 3 4 4 2 3 2 2 3 1 3 4.531300
1 2 1 1 4 1 3 3 2 3 1 3 1 3 1 4 1 1 2 4 3 3 3 1 2 1 4 3 4 1 1 4 3 4 2 1 2 1 1 1 3 1 1 1 4 3 3 4 1 1 1 1 1 1 3 4.347273
1 2 2 2 2 1 2 2 1 3 3 3 1 2 4 3 4 2 3 1 2 1 4 3 1 1 4 1 4 4 3 1 2 3 3 4 4 3 3 3 1 4 3 4 4 4 1 1 1 2 2 3 2 4 3 4.148709
4 1 1 2 4 3 1 4 1 3 2 3 4 2 1 3 4 3 2 3 3 1 4 4 1 3 4 2 4 3 1 3 1 1 4 4 4 4 4 3 1 3 2 1 4 4 1 2 1 1 3 2 3 2 3 4.168325
1 2 2 3 3 2 3 3 4 4 4 1 4 4 3 4 4 3 3 4 4 4 4 4 1 4 4 2 4 4 2 2 1 1 1 4 4 3 3 3 2 4 1 4 4 4 1 1 1 4 4 3 1 3 3 4.290704
3 1 1 3 3 2 3 4 3 3 3 3 2 1 1 4 4 3 4 4 1 2 4 2 2 4 4 4 4 1 4 3 4 4 2 2 1 4 3 3 2 4 4 1 2 3 3 1 4 3 1 4 2 4 3 4.253022
4 2 2 2 3 4 1 3 3 4 4 4 4 2 3 4 1 3 1 4 4 3 3 3 4 1 1 1 3 2 1 1 1 3 2 3 4 3 3 2 3 3 3 4 2 2 2 1 4 4 4 3 4 4 3 4.262056
1 1 2 3 4 3 3 2 4 4 2 1 3 1 3 2 4 3 1 4 2 4 3 1 1 1 3 1 2 2 4 2 1 2 3 2 4 3 4 1 3 1 2 2 4 1 4 3 4 3 1 4 3 3 3 4.352644
4 4 4 3 3 3 4 2 3 4 3 3 1 1 3 4 4 3 4 1 4 4 2 1 2 3 4 2 3 2 1 1 2 3 3 2 3 1 4 3 3 1 4 4 1 3 3 2 2 1 2 1 3 4 3 4.321954
2 3 2 4 3 3 2 4 3 4 3 1 3 1 4 4 2 3 1 3 1 3 3 1 1 2 4 1 1 4 4 1 2 1 1 3 4 3 3 4 3 1 1 3 1 4 4 2 3 1 3 2 2 3 3 4.255256
2 2 4 1 1 3 4 3 3 3 1 1 3 2 2 1 3 3 2 1 1 3 2 3 2 3 1 4 2 2 1 1 2 3 4 2 1 3 3 3 2 3 1 3 2 2 4 3 4 1 4 3 1 2 3 4.258518
2 2 4 1 1 3 3 3 3 1 3 2 3 1 3 3 1 4 2 3 3 3 1 2 1 1 3 4 4 1 2 3 4 3 3 1 1 1 2 2 3 3 1 4 2 3 4 4 4 3 3 4 4 4 3 4.268773
2 1 3 4 1 3 3 3 3 3 3 3 2 3 4 1 1 2 1 2 2 4 1 4 2 3 2 2 4 1 4 1 3 3 4 4 1 3 1 1 3 2 4 1 1 1 1 1 2 2 4 1 4 3 3 4.004825
3 4 1 1 3 3 3 1 4 1 3 4 4 4 3 3 3 2 2 1 3 3 2 2 1 3 1 1 4 2 3 4 3 4 3 3 1 3 2 4 3 4 2 2 3 3 2 2 3 1 1 1 3 3 3 4.269825
3 3 3 3 3 1 1 3 3 2 2 3 4 3 3 3 4 3 2 1 2 4 1 1 4 3 1 4 4 1 1 3 1 4 1 1 4 4 4 4 4 4 1 2 2 2 3 4 4 2 1 4 2 2 3 4.141498
3 3 4 3 3 3 1 4 1 2 2 4 4 3 3 3 3 4 2 2 3 1 1 4 2 1 3 3 1 4 1 1 2 1 1 1 3 3 3 2 3 4 3 1 1 1 3 3 1 3 4 4 3 4 3 4.201061
1 1 4 4 1 4 3 3 3 4 3 2 3 3 1 3 3 3 1 2 3 2 2 3 4 1 2 1 1 3 2 2 4 1 3 3 3 2 4 4 4 1 3 4 2 1 2 4 4 3 4 1 2 2 3 4.419956
1 4 1 1 3 4 3 3 1 4 3 4 1 3 3 3 3 3 2 3 1 4 3 2 1 4 3 3 4 2 1 1 1 1 4 4 2 2 2 1 4 1 3 4 1 4 3 4 3 2 4 4 1 3 3 4.343328
3 1 4 1 1 4 1 3 3 3 3 3 2 1 1 4 2 4 2 2 3 2 2 3 3 1 4 4 4 2 4 3 4 3 4 2 3 2 1 4 3 2 4 1 4 2 2 3 4 4 1 4 1 1 3 4.289792
4 1 4 2 3 3 3 4 2 2 2 4 2 4 4 3 2 2 2 4 2 2 3 3 1 2 4 2 4 2 4 4 1 3 3 4 3 2 4 1 1 4 1 3 2 4 2 3 4 1 2 4 3 1 3 4.148975
3 3 3 3 3 3 2 2 3 4 2 1 2 4 1 4 2 1 3 2 1 4 1 1 4 2 1 4 1 4 4 4 1 4 4 3 1 1 4 3 3 4 2 3 2 2 3 1 4 4 3 4 2 3 3 4.081697
4 1 3 3 3 3 4 2 4 4 2 1 1 4 3 4 2 1 3 3 4 4 1 1 3 2 3 2 2 4 1 1 4 3 1 2 3 1 1 3 1 4 2 1 2 2 3 1 3 2 1 3 2 3 3 4.213874
4 4 3 1 4 2 2 2 2 3 3 4 4 3 2 2 2 4 1 1 2 3 4 2 2 4 2 1 2 2 1 4 2 3 1 3 4 2 3 3 4 2 3 2 2 1 2 2 2 4 4 2 2 1 3 4.262330
4 4 4 1 4 4 3 4 2 1 1 2 2 4 3 4 4 3 2 4 3 4 3 2 4 3 1 4 3 3 1 3 4 1 1 4 4 2 2 2 4 3 2 3 3 3 2 3 3 3 2 4 2 1 3 4.297132
1 1 1 2 2 4 1 1 1 1 2 2 2 1 4 1 3 2 4 2 2 2 2 1 3 2 1 3 3 3 4 2 1 1 4 4 3 2 4 4 1 3 1 3 3 3 3 1 1 4 1 2 3 4 3 4.286771
