3 4 4 3 3 1 2 3 4 1 3 3 2 4 3 4 2 3 3 3 2 4 1 3 2 3 4 4 3 4 1 4 4 1 3 4 1 1 1 2 4 3 2 3 2 4 2 1 1 3 3 1 2 3 1 4.089144
3 4 4 3 3 1 2 3 4 1 3 3 2 4 3 4 2 3 3 3 2 4 1 3 2 3 4 4 3 4 1 4 4 1 3 4 1 1 1 2 4 3 2 3 2 4 2 1 1 3 3 1 2 3 1 4.089135
3 3 4 3 2 1 3 3 3 3 1 1 3 3 3 4 1 2 3 4 1 4 1 3 4 2 3 1 3 2 2 1 3 2 4 1 2 4 3 1 3 3 1 2 3 2 4 1 4 4 1 2 3 3 1 4.257738
4 3 4 1 2 2 3 3 2 3 4 4 3 3 3 3 1 4 3 2 3 3 3 4 4 4 3 2 4 1 3 4 3 2 1 3 4 4 1 4 2 3 3 2 3 3 3 1 2 1 4 4 3 4 1 4.352766
2 4 4 4 1 2 3 3 2 1 1 4 2 3 4 2 2 1 2 2 1 3 2 3 4 2 3 1 1 4 4 4 1 1 1 3 4 1 1 1 1 3 3 2 4 1 2 1 3 3 1 4 3 3 1 4.439998
3 3 1 4 4 1 2 2 4 1 1 3 2 4 4 3 3 1 3 2 2 4 2 2 4 3 2 3 3 4 4 4 1 1 3 3 2 1 2 3 4 3 3 2 4 3 1 3 2 3 1 1 4 1 1 4.321975
4 4 1 4 1 4 4 4 3 2 3 4 4 2 4 3 2 2 1 4 2 4 2 4 4 4 4 2 2 2 2 2 3 3 3 1 3 4 2 2 3 4 4 3 2 2 1 4 2 3 3 2 4 3 1 4.348333
4 1 2 4 4 4 4 4 2 4 4 2 3 4 4 4 1 2 4 1 3 4 2 2 1 1 2 2 3 3 4 4 1 3 2 2 2 2 4 4 4 4 2 4 2 3 2 4 1 2 2 2 4 3 1 4.488771
3 3 3 1 1 4 4 1 3 3 1 1 1 3 4 3 1 3 4 1 2 2 2 1 3 1 2 4 4 4 1 3 2 3 1 2 2 3 1 2 1 1 3 1 3 2 2 3 3 4 1 2 1 2 1 4.264429
1 1 3 2 1 1 4 1 3 1 1 1 2 1 3 4 1 2 2 3 1 3 3 4 4 1 2 2 1 3 3 3 3 1 1 4 3 3 3 1 2 2 1 3 2 4 1 3 4 3 1 2 1 1 1 4.437234
3 4 1 1 4 3 1 2 2 2 2 1 1 3 1 2 3 2 3 1 3 1 1 1 4 3 2 2 2 1 4 1 1 1 2 3 2 3 4 4 4 3 3 4 1 3 4 3 4 4 2 2 4 3 1 4.140611
3 4 3 4 2 4 3 4 2 4 3 2 2 4 2 1 2 4 4 2 2 1 1 3 4 3 2 1 4 1 3 3 3 3 3 2 4 3 4 2 2 1 3 3 1 2 4 3 2 3 3 4 3 2 1 4.205145
3 3 1 3 1 4 3 1 3 2 4 1 1 3 1 3 3 3 2 3 1 2 3 4 4 3 2 3 1 3 2 3 2 3 1 2 3 2 1 3 1 3 3 2 4 2 4 2 2 2 2 4 3 1 1 4.275353
1 1 3 3 3 3 3 2 4 1 1 3 2 1 4 4 2 3 1 4 2 3 3 3 3 2 1 2 3 3 3 1 2 3 3 3 1 4 1 3 1 3 3 1 4 3 3 4 4 2 2 2 2 3 1 4.365861
2 4 4 2 3 4 1 4 1 3 3 3 3 4 4 3 1 4 1 1 2 2 3 3 4 3 3 2 1 3 3 1 1 1 3 4 1 1 2 3 3 2 2 4 1 4 2 4 1 2 2 2 3 2 1 4.315913
2 2 3 4 3 1 4 4 4 4 4 3 3 1 2 1 2 4 3 3 3 2 4 1 3 1 1 4 4 4 2 4 4 1 2 3 4 2 3 4 3 4 3 4 1 2 3 3 4 4 4 4 3 4 1 4.372407
4 3 1 3 2 4 4 4 4 3 3 4 1 3 1 3 4 3 3 4 2 3 1 3 3 2 4 4 3 4 4 2 4 2 3 3 3 4 3 3 3 4 3 3 1 2 1 4 2 3 3 4 3 2 1 4.244254
1 2 4 3 4 2 2 1 4 2 4 2 2 1 1 2 4 3 1 2 4 2 2 3 4 1 4 3 3 2 4 1 4 2 1 4 4 4 4 2 3 3 4 3 2 3 4 4 4 4 1 2 4 2 1 4.252192
4 3 4 4 4 4 1 1 3 3 2 1 2 3 4 1 2 3 3 3 3 3 4 1 1 1 2 4 1 2 2 4 1 3 1 1 3 1 2 1 1 1 3 1 3 4 2 1 4 1 1 2 2 2 1 4.220352
4 1 1 4 1 2 2 1 2 1 2 1 3 4 4 1 4 1 2 3 4 4 4 1 4 3 1 3 2 1 3 1 3 3 2 1 1 3 2 4 4 2 3 3 4 3 3 1 2 2 1 1 1 4 1 4.420726
1 4 1 1 4 1 3 1 1 1 2 1 3 3 1 1 1 2 1 1 2 1 3 1 3 4 4 1 4 4 2 1 3 3 1 1 2 2 1 1 1 2 4 1 3 3 3 2 4 3 2 3 3 4 1 4.192221
1 3 3 1 4 1 3 1 1 2 1 2 2 4 1 1 2 1 3 1 3 4 4 3 1 2 2 3 3 1 3 4 1 1 2 2 1 1 2 1 4 4 4 2 4 2 1 3 3 4 4 2 1 2 1 4.336306
3 4 4 3 3 2 1 1 3 3 1 2 1 1 1 2 1 2 1 2 2 2 4 3 2 1 3 2 1 3 1 4 1 3 2 3 3 3 4 1 2 3 1 3 2 1 4 3 1 3 4 4 1 3 1 4.376111
2 1 2 2 3 1 1 1 4 1 2 3 4 1 4 2 3 1 1 2 4 4 1 4 1 1 2 1 3 1 1 1 3 3 1 4 3 3 2 2 3 3 3 2 3 3 3 2 4 4 4 3 4 3 1 4.312408
4 1 1 2 1 2 2 1 4 2 2 4 1 1 3 1 2 1 3 3 3 1 3 1 1 4 3 3 1 3 4 3 3 2 4 2 4 4 4 2 3 4 1 1 1 2 2 3 4 2 4 4 3 1 1 4.151600
2 2 1 1 4 4 4 2 4 4 2 3 3 2 1 4 4 3 4 3 3 2 1 3 3 4 2 4 2 3 2 4 4 4 4 4 2 3 4 4 4 2 3 1 2 1 3 3 2 4 1 1 3 3 1 4.260157
3 4 2 2 1 4 4 1 2 2 3 3 2 3 2 4 3 3 3 4 4 3 2 4 3 2 3 4 2 1 1 4 2 2 1 1 4 2 2 3 2 1 1 2 2 3 4 4 3 1 2 4 2 2 1 4.387593
4 1 1 2 2 4 1 2 2 1 4 2 3 4 4 1 2 4 1 2 2 4 1 3 1 4 3 4 3 3 4 1 3 3 2 1 1 1 1 3 4 2 1 3 2 3 3 1 4 3 4 1 2 2 1 4.213904
2 3 4 4 3 3 3 4 1 2 4 4 4 4 2 4 3 3 2 3 4 4 4 4 2 1 3 4 1 1 3 3 4 2 1 1 3 3 4 2 4 1 2 4 3 4 2 4 3 2 4 1 4 2 1 4.411080
2 2 4 3 4 1 1 3 3 4 4 1 4 3 2 3 1 4 3 1 4 1 2 1 4 3 4 4 1 2 3 3 3 2 1 1 4 1 2 3 2 2 4 2 2 1 2 3 4 2 3 2 2 1 1 4.266924
2 4 2 1 3 3 1 1 4 1 2 2 2 4 3 1 4 1 1 1 1 3 1 3 3 2 2 1 3 3 4 1 3 1 1 3 3 3 4 2 2 3 1 4 2 2 2 3 2 2 2 1 4 2 1 4.268547
2 1 2 3 3 1 1 1 4 2 2 2 1 2 2 3 4 3 2 1 3 1 1 3 1 3 1 2 1 1 4 2 2 3 1 1 4 3 1 1 2 2 3 3 1 1 3 3 4 4 2 3 2 4 1 4.406924
3 2 1 1 4 4 4 3 1 2 3 3 2 2 1 1 4 3 2 1 3 3 2 3 1 1 2 1 4 4 3 3 1 1 3 3 4 2 1 2 4 3 3 4 2 1 2 1 3 1 2 2 2 2 1 4.367324
2 3 2 4 3 3 4 2 2 2 4 1 3 1 3 3 3 1 3 2 2 2 1 1 2 1 2 2 3 1 2 3 4 2 3 3 1 4 1 1 1 1 1 3 4 4 4 1 3 3 3 1 1 3 1 4.230646
2 3 2 1 3 3 3 1 2 4 4 1 2 1 2 3 4 4 3 3 2 3 3 4 3 3 4 2 3 3 3 1 4 2 2 1 4 4 1 1 3 3 3 3 4 2 3 4 1 2 4 4 4 1 1 4.227896
2 2 4 4 4 3 4 4 2 4 3 3 3 4 4 2 3 2 2 1 4 2 3 1 3 2 4 1 4 4 3 1 2 4 1 2 2 2 4 4 4 4 1 3 2 3 1 1 4 4 2 3 4 1 1 4.397486
2 2 1 1 2 3 1 1 3 3 1 4 1 3 3 1 3 1 3 1 2 2 1 3 3 4 1 3 4 2 1 1 1 2 1 1 3 3 2 4 4 3 2 3 4 3 4 3 1 3 4 2 2 2 1 4.365034
1 2 3 3 2 1 1 3 1 1 4 3 4 3 1 3 4 2 1 4 2 3 3 2 4 1 1 3 1 1 1 1 3 1 3 1 4 4 4 1 2 4 4 1 3 4 3 4 2 3 3 1 4 3 1 4.372937
3 4 3 3 4 3 2 3 2 1 2 1 4 2 4 3 2 2 3 2 2 1 2 1 2 4 1 2 1 2 1 1 4 4 4 1 4 4 1 1 4 2 4 4 3 1 4 2 4 2 4 2 1 4 1 4.304080
4 3 3 1 2 2 4 1 1 2 4 1 1 2 2 3 4 2 4 1 3 3 2 4 3 4 1 4 4 4 4 3 2 3 1 1 1 2 3 1 4 2 1 3 2 2 4 3 4 3 1 4 1 3 1 4.262801
2 1 4 4 3 4 4 3 4 1 3 2 3 3 2 4 3 1 1 2 2 2 4 4 1 3 4 4 3 3 1 1 2 2 1 1 4 1 3 2 4 3 1 3 3 2 3 4 4 3 1 2 1 1 1 4.258636
1 1 3 3 3 4 1 4 4 1 1 3 3 3 3 1 2 3 1 4 1 4 2 2 2 3 3 1 4 2 2 4 4 1 1 4 4 1 2 2 1 3 4 3 2 1 3 4 4 4 2 1 4 2 1 4.323981
3 3 4 1 1 4 1 1 1 3 2 2 3 2 4 1 4 4 4 3 3 4 4 4 4 2 1 2 4 3 2 1 4 1 4 4 1 1 2 2 3 4 2 1 4 1 2 3 2 3 2 4 3 4 1 4.321985
3 3 4 4 1 1 1 4 1 2 2 4 3 2 4 4 3 2 4 4 4 3 2 3 4 2 3 1 2 2 2 2 3 1 2 2 1 3 4 3 4 4 4 4 1 3 4 4 3 3 1 1 2 2 1 4.339683
1 1 1 1 1 3 1 4 1 4 4 3 4 2 3 3 4 4 3 3 1 2 2 1 3 3 2 1 4 2 3 3 1 1 4 2 3 2 1 3 4 1 3 3 1 1 2 2 2 2 1 2 2 4 1 4.323393
3 1 3 4 3 3 1 3 3 1 1 3 3 2 3 2 3 2 3 1 4 1 4 4 3 2 1 4 2 1 3 4 2 4 4 4 4 4 4 2 4 4 1 2 2 2 3 1 4 4 4 4 4 4 1 4.203902
3 2 1 2 4 2 2 2 3 2 4 2 1 2 4 4 1 2 4 2 1 2 3 4 4 1 1 1 2 1 2 1 4 4 1 1 1 3 3 2 1 1 1 2 4 2 2 1 2 4 1 3 2 4 1 4.299268
3 2 3 2 4 3 2 4 4 4 1 2 4 2 3 4 3 4 3 1 1 2 4 3 4 4 3 2 2 3 4 4 1 2 2 1 3 3 3 4 4 4 4 4 1 4 2 4 4 3 1 2 3 4 1 4.306981
3 2 2 2 4 3 4 1 3 3 4 1 3 4 4 3 2 1 1 2 2 2 3 1 4 1 3 4 1 3 1 2 1 2 4 4 4 3 4 1 1 3 4 1 3 2 4 1 3 1 2 3 2 1 1 4.332001
2 4 4 1 2 3 4 1 2 3 4 1 3 4 3 4 1 2 1 3 4 3 3 4 3 4 3 4 1 1 1 2 4 1 2 1 2 4 1 1 1 4 3 1 1 2 4 4 3 4 2 3 3 2 1 4.464056
2 2 4 3 4 4 4 3 2 4 3 3 1 3 4 4 1 2 4 1 3 2 2 1 1 2 1 2 1 3 3 4 4 1 4 1 2 4 1 1 4 2 1 2 4 2 3 4 4 3 2 2 2 4 1 4.438288
2 3 4 1 2 2 2 3 4 3 1 3 4 2 3 4 1 4 4 4 4 1 4 2 1 4 1 4 1 3 4 2 1 2 3 3 1 1 1 2 4 1 2 3 4 1 4 4 3 4 3 2 2 1 1 4.322124
1 2 2 2 2 4 4 3 3 2 2 1 2 1 2 4 3 4 1 2 3 4 3 2 1 1 1 2 3 4 3 4 1 3 1 1 1 1 3 2 1 4 1 2 3 3 4 4 1 4 2 1 1 4 1 4.265081
1 2 1 1 1 4 2 4 1 1 1 4 3 3 4 2 3 1 3 4 4 1 4 3 3 2 1 4 1 4 1 2 2 4 1 1 4 4 4 4 4 4 2 2 4 1 4 3 2 4 1 1 4 4 1 4.387244
3 3 3 1 1 1 2 2 2 1 1 1 4 3 2 3 4 1 2 3 3 4 4 4 3 2 1 2 2 4 1 2 1 3 4 1 1 1 4 4 4 4 2 3 1 1 4 4 4 4 4 4 4 4 1 4.308965
1 4 2 2 1 4 1 2 4 4 3 4 2 3 4 2 1 4 3 3 2 4 4 3 2 1 2 1 4 1 2 2 2 4 3 2 2 3 4 3 4 1 4 3 1 4 4 4 4 2 2 1 2 1 1 4.407957
2 1 3 4 1 2 3 1 4 1 1 3 3 2 4 3 4 1 2 1 2 4 3 3 2 1 3 2 1 4 2 4 3 3 1 4 2 3 1 1 1 1 3 4 4 1 2 2 4 2 3 4 4 4 1 4.210144
1 3 4 4 1 1 3 4 4 1 3 1 1 1 3 2 1 1 4 1 1 4 3 1 2 1 2 1 1 3 2 4 2 4 2 3 4 1 1 1 2 4 3 1 2 2 3 2 4 1 3 2 1 2 1 4.346233
1 3 4 1 1 4 1 3 4 1 1 4 1 3 1 2 2 2 3 4 3 1 3 4 1 3 2 1 2 1 2 1 2 4 1 1 4 1 3 3 3 2 1 3 1 1 4 4 4 4 2 2 2 3 1 4.334745
1 1 4 4 1 1 2 2 4 1 1 4 4 2 3 1 3 1 4 4 3 4 2 4 1 3 1 1 1 1 2 3 2 2 2 3 4 2 1 2 4 2 4 3 1 3 4 3 4 3 1 1 3 3 1 4.375271
3 4 4 2 1 2 1 4 2 4 1 2 1 3 1 4 3 3 4 2 4 1 1 1 1 2 1 2 1 4 4 2 3 4 2 2 1 2 4 1 2 1 3 4 3 4 2 2 3 2 2 1 1 3 1 4.414005
2 4 4 1 3 2 4 1 4 3 1 3 2 1 4 3 3 4 3 2 3 3 2 3 1 3 4 2 2 1 2 3 2 1 4 2 1 4 4 2 1 1 1 1 2 3 4 4 3 2 2 1 1 3 1 4.497549
4 4 4 1 3 3 4 2 1 4 3 1 4 3 1 3 1 1 4 2 1 4 2 4 2 4 1 3 1 2 2 1 2 3 1 4 3 2 1 1 2 1 1 4 3 3 2 2 2 4 2 4 1 3 1 4.440228
2 4 1 2 4 2 4 2 2 1 1 3 1 2 4 3 2 1 4 3 3 2 4 1 4 4 2 3 4 1 3 3 1 3 3 1 4 3 4 2 2 1 2 1 3 2 4 1 3 1 1 3 4 4 1 4.505860
3 4 2 3 1 4 2 3 1 4 4 1 4 4 4 4 1 4 2 4 4 2 1 1 3 2 2 3 4 1 1 4 4 4 4 4 4 3 1 2 1 4 1 4 1 3 2 1 3 2 1 4 1 3 1 4.221185
4 2 4 4 3 4 2 3 1 4 4 4 1 1 2 4 3 4 1 2 3 3 2 1 2 4 4 3 3 2 2 4 2 2 3 2 4 3 4 1 4 1 4 1 2 1 4 1 2 3 4 4 4 4 1 4.552456
1 4 2 2 2 4 2 1 3 4 3 1 1 4 1 2 2 1 3 3 4 4 2 1 1 2 2 1 1 2 4 4 4 3 4 4 3 3 3 4 2 2 1 2 3 4 3 1 1 2 3 4 4 2 1 4.373050
2 1 2 2 2 2 4 3 3 1 3 2 2 2 4 3 2 4 4 1 1 4 1 1 2 3 4 4 2 1 3 4 4 1 4 1 2 3 2 4 4 1 1 1 4 2 4 4 1 3 3 3 1 1 1 4.217089
1 4 1 1 3 4 4 1 4 2 1 2 2 4 1 3 2 2 1 3 4 3 1 4 1 2 4 3 3 3 4 1 1 2 2 3 1 1 4 4 3 3 4 1 3 3 1 2 3 2 1 1 3 4 1 4.229155
1 1 3 4 2 3 1 2 1 3 2 1 3 3 2 2 2 1 2 2 3 3 2 4 3 3 2 4 4 2 4 3 4 2 4 1 4 3 2 1 4 4 2 3 1 1 4 3 1 4 4 4 1 4 1 4.121877
4 4 1 1 4 2 1 4 1 2 1 2 3 2 1 2 3 3 2 3 4 4 4 2 4 2 1 2 4 4 1 2 3 1 2 2 4 1 1 4 3 2 3 4 3 4 3 3 2 3 4 1 1 2 1 4.389815
4 2 1 2 2 1 2 2 2 1 4 3 4 3 2 1 1 1 2 1 3 3 2 3 4 1 3 3 1 3 1 2 3 2 1 1 4 1 1 1 2 1 3 2 1 4 1 4 2 3 4 4 1 2 1 4.383683
1 4 1 1 4 2 3 4 4 3 1 4 1 4 4 3 1 1 2 1 1 4 3 3 3 4 1 3 3 2 2 1 4 1 4 2 2 1 2 4 1 3 4 4 4 3 1 3 3 3 1 1 1 3 1 4.436341
1 4 2 4 3 4 1 1 1 1 1 3 1 4 3 1 1 3 4 1 2 1 2 4 3 3 3 2 4 3 3 3 1 3 1 4 3 2 4 4 1 3 2 1 4 4 1 1 3 4 4 4 4 1 1 4.319674
4 3 1 1 4 4 2 1 2 2 3 3 1 2 1 4 2 1 2 3 2 1 4 1 3 2 2 3 3 4 4 3 1 3 2 4 2 3 2 2 3 3 4 3 4 1 1 3 1 1 2 1 3 1 1 4.269880
2 3 4 1 1 3 4 1 4 1 4 3 2 3 3 2 4 1 4 1 2 4 2 3 2 1 2 4 3 4 3 1 1 2 3 1 4 4 3 2 1 4 4 4 2 4 2 4 3 3 3 4 3 4 1 4.221722
1 1 4 4 2 4 4 3 4 3 3 4 3 4 4 3 2 2 4 1 4 4 2 2 4 4 2 1 1 4 3 2 4 3 1 1 3 3 1 4 4 1 2 1 4 4 1 2 2 3 4 1 4 4 1 4.442569
1 2 2 3 1 2 1 3 4 4 3 4 4 1 3 2 2 3 2 4 4 1 1 1 4 1 3 3 4 4 2 2 4 2 3 4 3 2 1 3 2 1 3 4 2 1 2 2 3 4 1 3 4 4 1 4.238971
3 3 1 2 3 1 4 2 2 4 3 2 1 1 4 2 3 3 1 2 1 3 2 4 1 3 3 2 4 1 1 2 4 1 3 1 2 4 3 4 4 1 4 4 4 3 4 1 1 3 2 4 4 2 1 4.326200
1 4 2 2 1 2 2 3 3 1 3 3 1 4 4 4 4 3 3 3 2 3 4 3 4 2 1 2 4 1 4 4 1 2 4 2 4 3 3 3 3 1 1 4 3 3 1 1 2 3 1 3 3 1 1 4.304389
4 4 1 3 1 1 3 4 3 1 3 4 1 1 2 3 4 4 2 3 4 3 1 2 4 4 2 2 3 2 2 2 3 1 3 3 3 3 1 3 3 2 1 2 2 3 4 4 1 2 3 4 3 3 1 4.319830
2 2 3 1 3 1 2 4 1 1 3 3 2 3 4 1 4 3 4 4 1 1 2 1 4 2 4 4 3 2 3 2 4 1 4 1 3 4 3 3 4 2 4 1 3 4 3 2 1 2 3 3 3 3 1 4.218003
2 3 3 2 4 4 4 4 4 3 3 4 3 2 1 2 2 3 4 3 1 3 2 4 4 2 3 4 2 4 1 1 1 3 2 3 3 3 2 2 2 4 3 2 1 1 3 1 4 4 4 3 4 2 1 4.177953
1 1 3 2 4 3 2 3 3 1 4 4 4 2 4 4 3 4 4 2 2 3 2 2 1 3 1 3 2 4 3 3 2 3 3 3 4 3 4 1 3 3 2 2 1 2 4 3 4 2 3 2 4 4 1 4.235418
4 2 1 3 3 2 2 1 2 4 1 3 3 2 4 2 3 1 2 4 2 4 3 4 1 2 3 1 3 3 3 3 4 1 4 1 1 4 1 2 1 3 2 3 3 3 2 2 3 3 2 4 2 3 1 4.300918
3 1 2 1 2 3 3 3 1 3 1 3 4 4 1 2 3 2 4 3 2 1 3 3 3 4 4 2 3 3 3 3 2 4 4 1 2 1 1 3 2 4 2 4 4 1 4 2 4 2 1 1 4 4 1 4.254227
2 3 4 4 2 1 3 1 1 1 4 2 1 4 4 4 2 3 1 1 4 1 3 4 2 1 2 4 1 3 2 1 4 3 1 2 2 2 2 4 1 4 4 3 1 1 4 4 1 4 1 1 3 2 1 4.406985
2 1 2 4 1 3 3 4 1 1 1 3 2 1 3 3 4 3 4 3 2 3 4 4 2 3 1 4 1 4 4 1 2 1 4 3 3 1 2 1 1 3 1 3 2 2 1 3 2 2 4 4 4 1 1 4.316288
2 2 3 3 4 2 1 2 4 2 1 4 2 3 2 1 1 1 4 2 3 4 3 3 1 3 3 3 3 1 2 3 3 4 1 4 3 4 2 4 4 1 2 1 3 1 4 1 2 4 4 1 3 4 1 4.289240
3 3 4 1 2 4 4 4 3 1 4 1 3 1 1 3 4 3 2 1 4 4 3 4 2 4 3 3 4 4 3 1 2 1 1 1 4 4 4 4 3 2 2 2 1 4 3 2 2 1 1 1 4 4 1 4.332781
2 2 1 4 4 3 1 2 3 3 1 4 3 4 4 4 4 3 3 1 4 3 4 1 2 3 2 3 3 3 4 1 2 3 1 3 3 3 3 1 3 4 2 1 4 2 1 2 4 1 1 3 1 3 1 4.367704
1 3 4 4 2 3 3 1 4 4 3 3 1 1 2 2 1 3 4 3 3 3 4 4 2 2 1 3 3 2 2 1 3 4 2 4 4 4 2 3 3 1 1 3 4 4 4 4 2 1 1 3 2 2 1 4.287809
4 2 1 3 4 2 4 1 2 2 3 2 4 1 4 2 2 2 4 2 2 3 4 4 4 3 4 2 3 4 2 1 2 2 1 2 3 2 1 2 1 4 3 4 3 2 1 4 1 1 4 2 2 1 1 4.309441
2 1 2 3 2 4 3 2 3 3 3 4 3 2 4 4 4 3 3 3 2 1 2 4 2 4 1 4 4 2 2 2 3 2 4 2 1 2 4 2 2 2 1 4 1 1 4 4 1 2 4 2 2 2 1 4.250592
1 1 4 1 1 2 2 1 4 2 4 4 4 1 3 1 2 1 3 1 4 3 4 4 1 2 2 2 3 3 3 4 1 3 3 3 2 2 2 2 4 4 4 2 1 1 2 2 3 4 4 2 2 4 1 4.445281
1 1 2 3 1 2 4 4 4 4 2 4 4 2 4 2 1 2 3 1 3 3 1 2 3 3 1 2 1 3 3 3 4 3 2 1 2 4 2 4 4 2 1 2 1 4 4 1 4 1 3 3 2 3 1 4.384081
2 3 4 3 2 4 2 3 1 3 4 2 1 1 2 1 4 2 1 3 1 4 4 3 2 4 4 1 1 1 4 3 4 2 1 1 4 4 3 4 2 4 2 3 2 4 2 3 2 1 3 2 1 2 1 4.280322
4 2 1 3 4 4 2 1 2 3 4 4 2 1 2 4 2 2 2 1 2 3 3 3 3 2 4 3 1 2 2 1 1 2 1 1 1 4 4 4 3 2 1 3 2 3 4 3 2 3 4 2 4 1 1 4.308149
4 1 2 1 4 2 2 2 4 4 4 2 2 1 4 4 2 4 2 3 4 4 4 2 3 4 1 1 1 3 2 1 3 2 4 1 3 3 1 2 2 4 3 1 2 1 2 1 1 3 1 4 4 2 1 4.407258
1 3 1 4 4 3 3 3 4 2 1 4 2 3 4 3 1 1 1 1 1 2 4 1 4 3 3 4 4 1 4 4 1 3 2 2 4 4 1 4 4 2 2 2 1 2 1 4 3 4 4 4 3 4 1 4.294649
4 1 2 1 1 3 1 2 3 4 4 1 1 2 2 2 3 1 3 3 4 4 1 2 2 3 2 2 3 3 3 3 4 3 3 2 1 2 1 1 4 4 2 2 4 2 4 2 2 4 3 1 4 3 1 4.445985
2 1 1 4 2 2 4 3 1 2 1 4 4 3 1 3 2 2 2 1 4 2 1 1 1 4 4 2 3 1 1 1 4 2 2 4 3 4 3 4 2 4 3 2 3 1 2 1 1 2 2 4 2 3 1 4.218996
4 1 3 4 3 2 3 4 1 4 4 4 1 2 2 1 4 2 1 3 4 1 1 2 2 4 2 2 1 3 4 4 2 4 2 2 3 3 3 3 3 1 2 2 3 1 4 2 4 1 1 3 2 1 1 4.406716
4 3 1 2 4 4 4 1 4 3 3 1 2 1 1 1 1 2 2 1 4 4 2 3 3 4 3 4 3 2 4 3 4 2 3 1 4 3 3 1 4 4 1 2 2 3 2 2 4 1 3 2 1 1 1 4.369645
2 4 4 4 4 1 2 3 3 1 1 4 2 2 1 1 1 1 1 2 4 3 3 1 1 2 4 3 2 1 3 2 3 3 2 3 1 1 4 1 1 1 4 2 1 2 1 4 1 2 2 2 2 1 1 4.288358
4 4 2 2 4 3 1 2 1 3 2 1 1 4 1 2 2 2 2 2 3 3 1 4 4 1 2 2 1 1 2 2 1 2 1 2 4 1 1 3 1 1 1 2 1 3 2 1 1 1 2 1 1 1 1 4.353666
2 2 4 4 3 3 1 3 1 3 1 1 3 2 3 3 1 4 3 4 2 3 1 3 3 2 4 3 1 2 2 1 3 3 3 2 3 4 4 3 1 3 1 4 1 3 4 4 1 2 4 4 1 4 1 4.277417
1 1 3 2 3 1 3 4 1 1 3 3 4 3 3 3 4 1 2 1 4 1 3 2 4 3 3 3 4 2 3 4 3 4 4 1 4 4 4 2 2 2 3 2 2 2 3 1 4 4 2 4 4 3 1 4.416013
1 4 4 2 2 4 4 3 4 4 1 4 1 2 2 4 3 4 4 3 4 4 2 2 4 3 3 1 4 4 4 2 4 2 2 2 2 4 3 2 1 1 3 2 4 3 4 3 1 2 3 1 4 2 1 4.417874
3 2 4 3 4 3 3 4 2 4 4 1 1 4 1 3 3 3 1 3 3 4 3 3 1 3 1 3 3 1 3 4 4 2 4 4 2 1 4 2 1 1 3 4 2 2 2 4 2 2 2 2 4 1 1 4.389812
3 4 4 4 1 1 2 3 3 3 3 4 1 3 4 2 2 2 4 3 4 1 3 3 3 4 2 2 1 1 4 3 4 2 1 4 4 1 2 3 4 2 4 1 3 3 1 1 3 1 1 4 2 1 1 4.220968
4 3 3 4 3 2 1 3 4 4 4 4 2 1 3 4 2 4 1 2 2 3 1 4 3 1 2 1 1 1 4 1 4 1 4 2 1 3 4 3 2 1 2 2 3 3 4 3 2 1 1 1 1 1 1 4.343944
4 4 4 3 1 3 3 4 3 1 1 4 3 1 4 1 3 1 4 4 2 3 4 2 3 2 3 3 4 3 4 3 4 3 4 4 2 2 2 2 2 2 2 4 2 2 1 1 2 3 2 1 1 2 1 4.371705
2 1 1 4 3 1 2 1 3 1 1 4 4 4 4 3 4 4 2 2 3 2 4 1 4 4 4 2 3 3 4 3 2 1 1 1 3 1 1 1 4 2 1 4 3 3 3 4 3 4 3 3 1 2 1 4.379027
3 1 2 2 3 4 3 4 1 4 1 2 2 1 1 2 3 1 4 3 3 2 2 4 4 1 3 4 1 1 3 1 1 4 1 1 4 2 2 2 4 1 2 3 3 3 1 1 3 1 1 1 1 4 1 4.180991
1 2 1 2 4 2 2 4 3 1 2 2 3 2 2 2 2 3 3 3 2 2 2 1 1 1 1 1 2 2 2 2 1 1 4 1 1 1 2 2 2 4 1 3 3 4 1 4 1 3 1 1 3 2 1 4.269869
4 1 2 1 1 1 2 3 4 1 4 3 4 4 1 4 2 4 1 2 2 2 3 3 2 2 4 2 3 4 3 4 3 2 3 2 1 3 1 2 3 2 3 2 4 4 3 3 4 3 4 4 2 2 1 4.369683
1 3 3 4 3 2 4 2 1 2 2 1 4 2 4 2 4 1 1 4 3 1 2 4 1 2 3 4 4 3 3 4 4 1 4 3 2 2 4 4 3 2 4 3 1 1 3 4 4 3 4 2 4 1 1 4.286599
1 3 4 4 4 2 1 3 3 2 3 4 4 2 2 2 4 2 3 4 2 2 1 1 3 2 1 1 1 4 3 2 4 4 2 1 4 3 3 3 1 3 1 3 3 2 1 3 2 2 2 1 2 3 1 4.126715
1 3 1 2 4 1 3 3 3 1 1 2 4 4 2 1 1 1 3 3 2 1 4 3 1 2 1 4 4 1 4 1 4 2 4 1 3 4 3 1 1 3 3 3 3 3 1 3 2 1 1 1 2 3 1 4.246011
2 4 2 3 1 3 1 1 1 1 4 3 3 3 1 3 1 2 3 4 1 4 3 2 1 1 3 4 3 2 1 4 1 4 3 2 2 1 1 3 1 1 3 4 3 2 4 3 1 2 1 1 3 4 1 4.238091
2 3 3 2 3 1 1 3 4 1 4 2 3 4 2 4 1 3 3 4 3 2 3 2 3 3 3 3 3 2 1 2 1 1 1 1 3 1 2 3 3 1 1 2 2 2 3 3 4 3 3 4 4 1 1 4.177388
1 4 1 1 2 1 2 3 2 1 1 4 2 2 3 2 1 4 2 2 4 3 2 1 3 2 3 3 1 2 1 3 2 4 2 2 4 3 3 3 4 3 3 3 4 2 1 1 3 2 1 4 2 4 1 4.265810
3 4 3 1 3 4 3 2 3 2 1 3 4 2 2 4 3 1 1 2 4 3 3 4 4 1 3 3 3 1 2 4 3 1 1 1 1 2 1 1 4 4 1 1 4 3 2 2 4 4 4 4 2 2 1 4.303471
3 2 3 2 2 3 2 2 4 1 1 2 3 3 2 1 3 2 1 2 1 1 3 1 3 4 2 4 3 1 2 1 2 1 1 1 2 1 2 4 4 2 1 2 2 1 2 4 1 4 2 3 3 1 1 4.238852
2 1 2 4 4 3 2 4 2 1 2 2 2 2 4 1 4 3 1 1 3 3 3 3 3 1 4 1 3 2 2 1 3 3 2 1 4 1 1 1 4 2 2 3 4 3 3 3 2 3 3 1 2 3 1 4.313784
1 2 1 1 4 2 3 1 3 3 4 2 2 3 3 3 1 3 3 4 4 3 1 1 1 2 3 4 2 4 3 4 1 1 1 1 2 4 1 3 4 4 3 1 1 4 2 4 2 4 2 1 1 4 1 4.373256
4 1 3 4 3 1 4 4 4 2 1 4 3 1 2 1 2 3 2 1 4 1 1 2 1 1 2 3 2 3 3 1 3 3 1 3 4 4 4 4 2 4 4 4 2 2 2 1 3 1 1 4 4 1 1 4.362725
4 3 1 3 1 4 3 1 1 3 3 4 2 1 1 2 1 4 1 4 1 4 2 3 3 2 4 2 3 3 1 4 2 1 1 1 4 4 2 2 3 3 3 3 2 2 1 3 2 3 2 3 3 2 1 4.308836
3 1 3 1 3 1 2 2 4 3 3 1 2 4 1 3 1 1 4 2 2 2 3 3 2 2 2 2 1 4 3 3 1 1 2 2 3 1 4 3 4 3 2 3 2 2 4 1 4 4 4 3 1 3 1 4.323511
1 3 1 3 3 3 2 1 2 4 3 4 4 4 3 3 1 3 3 2 4 2 4 3 1 1 3 1 4 1 2 2 4 1 1 4 3 4 3 4 1 3 2 3 3 4 4 2 3 1 4 4 4 2 1 4.230857
3 1 2 1 3 1 1 1 3 4 3 3 2 1 3 2 1 4 4 3 4 4 1 1 3 2 4 3 2 1 2 1 4 3 4 3 1 2 2 2 2 3 2 4 4 3 3 2 3 4 4 4 3 4 1 4.239133
2 4 3 3 4 4 3 2 2 2 1 4 1 2 4 3 1 1 4 1 3 4 2 4 2 2 2 3 2 4 4 3 1 1 1 1 2 1 1 1 4 1 2 1 1 4 4 1 2 2 3 3 1 4 1 4.256894
3 3 1 3 4 2 3 2 1 2 4 4 3 2 1 2 2 2 1 2 2 1 2 2 4 3 1 2 1 1 2 4 3 4 1 2 4 1 3 1 1 4 3 4 1 2 1 2 2 1 4 3 4 1 1 4.302435
4 2 1 2 3 3 4 2 4 4 4 4 4 1 2 4 4 4 4 3 1 2 3 1 3 4 2 2 2 1 2 3 4 2 1 3 4 4 4 1 1 3 2 3 1 2 3 3 1 4 3 1 2 3 1 4.383648
2 4 3 3 1 4 4 3 4 4 2 4 1 2 1 2 3 2 4 3 3 2 1 4 4 4 4 3 4 3 1 1 1 3 4 2 3 3 3 4 2 3 4 4 4 2 2 2 1 1 2 4 1 4 1 4.450754
3 1 2 3 3 1 3 3 3 4 2 3 2 4 1 4 3 3 2 3 2 1 2 2 2 1 4 1 2 2 4 1 1 3 4 1 3 4 2 4 4 3 2 2 3 3 4 1 4 3 4 1 2 2 1 4.186640
3 3 1 4 3 3 1 1 3 1 2 3 4 1 3 1 3 2 4 2 1 3 3 3 2 1 4 2 1 4 3 4 4 4 3 4 1 2 2 4 2 4 4 1 4 3 3 3 2 1 3 1 2 4 1 4.231942
3 1 1 2 1 3 4 1 2 3 2 4 1 3 1 3 4 4 3 1 1 3 4 4 3 1 3 1 4 1 1 3 3 3 1 2 2 3 2 4 1 4 1 4 3 3 2 1 3 3 2 4 2 2 1 4.425749
1 1 2 1 2 1 1 4 3 3 2 3 4 3 1 1 1 2 2 4 3 3 3 2 2 4 3 3 4 3 3 4 4 3 3 3 2 4 4 2 4 4 3 4 1 1 1 2 3 2 4 2 3 1 1 4.166613
4 2 4 1 3 4 3 1 3 3 4 1 3 1 2 1 2 3 4 3 4 3 4 3 3 4 1 2 2 2 3 3 3 3 3 3 4 2 2 1 4 4 2 2 4 1 3 4 1 3 1 1 2 3 1 4.337053
3 3 4 3 3 1 3 2 3 4 1 4 3 2 4 4 4 1 3 4 1 1 2 1 1 3 2 4 4 4 1 4 1 1 4 1 3 3 3 3 4 3 1 1 1 4 3 2 4 3 3 2 4 2 1 4.275361
3 2 2 1 2 1 2 1 1 3 4 3 4 4 4 3 4 3 4 4 3 2 4 4 1 1 2 3 1 2 2 1 1 2 1 3 2 4 3 3 4 1 3 1 3 2 3 1 3 4 3 3 2 1 1 4.310006
3 3 4 2 1 4 3 3 1 4 2 4 3 2 2 3 4 3 3 3 3 1 3 3 1 3 1 4 1 4 2 3 2 4 2 4 4 1 1 3 1 2 3 4 2 4 4 2 1 4 4 2 1 2 1 4.220979
2 2 1 2 4 4 2 2 4 1 4 1 1 4 1 2 2 4 4 2 3 4 1 2 3 2 4 3 2 1 3 4 2 3 3 3 2 2 1 4 1 1 3 3 1 2 1 4 1 4 3 1 2 1 1 4.264011
1 4 2 1 2 2 1 2 1 2 2 4 2 2 2 2 1 1 4 3 1 1 4 1 2 3 4 4 1 4 3 3 4 2 1 4 3 3 2 1 2 1 4 4 1 1 1 1 1 2 1 3 2 1 1 4.364691
3 3 4 4 2 3 3 3 2 4 2 1 2 1 2 4 4 3 4 3 4 4 2 2 1 1 3 3 2 1 2 1 4 4 2 3 3 1 2 4 4 4 3 4 4 2 3 1 2 4 1 1 4 3 1 4.270780
4 4 3 4 4 3 3 2 1 3 2 1 1 4 4 4 1 2 2 3 4 2 4 4 1 1 3 4 2 3 1 3 2 1 1 4 1 4 3 3 1 2 2 2 3 2 4 1 3 1 2 2 3 4 1 4.309465
3 4 1 4 3 1 4 2 4 1 3 4 1 1 4 3 1 3 3 2 2 2 3 1 1 3 2 4 1 4 4 4 1 3 2 4 4 4 3 1 4 1 3 3 4 4 3 4 3 3 3 3 1 1 1 4.240328
1 1 3 3 2 1 4 4 3 2 4 4 4 1 1 3 2 1 2 4 4 1 1 4 3 1 1 3 1 1 3 3 3 1 1 3 2 3 4 3 4 2 4 4 3 4 4 3 1 1 1 2 4 3 1 4.184599
4 2 1 3 3 4 3 3 1 4 3 4 3 2 3 4 3 3 3 4 3 3 3 3 1 1 4 1 2 4 3 3 3 3 4 2 4 3 2 3 2 2 1 1 1 1 3 2 4 3 1 1 2 4 1 4.219273
4 1 4 3 3 3 1 2 2 1 3 3 1 1 2 4 1 3 3 4 4 2 3 3 3 4 4 3 2 2 1 4 3 1 2 1 3 1 2 3 4 3 3 3 1 2 4 4 1 3 2 3 4 4 1 4.404167
4 4 3 2 1 1 4 2 1 4 3 1 1 1 2 1 4 4 4 4 2 1 3 2 4 1 3 2 1 3 4 3 3 2 2 1 1 3 3 4 2 1 1 1 2 2 4 1 4 2 1 2 3 2 1 4.413828
2 2 1 4 2 2 2 1 2 3 3 4 1 3 3 1 2 2 2 4 4 1 1 2 3 1 3 2 3 1 4 3 4 3 2 1 2 3 1 1 4 4 4 2 2 4 1 3 1 3 2 4 2 4 1 4.184749
2 1 2 1 1 2 3 2 3 4 1 4 1 1 2 1 4 1 3 3 1 4 2 2 4 4 4 2 1 3 2 2 3 2 2 1 4 3 4 4 4 3 2 3 3 3 2 2 3 3 1 3 2 4 1 4.344248
2 1 2 2 1 1 4 1 2 4 1 1 2 3 1 1 2 2 4 3 1 4 2 1 1 3 2 2 2 3 3 3 2 1 4 2 3 1 2 2 4 3 1 1 2 1 3 1 4 2 2 2 2 4 1 4.210780
1 1 4 3 1 2 3 2 1 1 2 3 2 3 2 1 3 2 2 3 2 1 3 1 4 4 2 2 2 3 1 4 2 4 4 2 2 4 4 4 2 1 1 3 2 3 1 1 1 1 4 2 1 1 1 4.464393
3 2 2 2 2 2 4 3 1 4 1 2 2 3 1 1 2 2 1 3 3 1 2 4 1 2 2 1 3 3 3 1 1 3 2 1 3 2 2 1 2 3 2 1 4 2 2 4 1 3 4 2 2 1 1 4.266950
1 4 2 1 3 1 1 4 3 1 4 2 3 4 4 1 2 1 2 1 3 1 1 4 3 2 3 1 2 2 2 3 4 3 3 1 3 3 3 2 2 2 4 4 3 4 4 1 1 1 2 4 4 2 1 4.236123
1 3 2 1 1 4 2 2 4 1 3 2 3 1 1 2 1 4 1 3 1 1 4 3 2 4 1 2 2 3 3 2 1 3 1 2 2 2 2 1 1 1 4 3 2 3 4 4 2 2 2 1 3 2 1 4.151366
3 1 4 2 1 1 4 2 2 1 3 2 3 2 3 3 2 1 4 1 2 1 4 3 2 2 4 1 3 2 4 1 2 3 3 2 3 4 4 3 2 1 3 4 3 4 4 2 3 1 1 4 3 1 1 4.289579
3 4 2 2 4 3 3 3 4 4 1 2 3 1 3 3 2 1 4 4 1 3 3 1 1 4 4 3 2 3 1 3 4 3 4 1 2 2 1 1 2 2 1 4 3 3 4 3 4 3 3 4 2 1 1 4.067230
4 1 4 3 2 3 4 1 3 4 3 2 1 3 3 1 4 2 2 2 3 3 3 3 1 4 3 4 4 4 1 3 4 3 2 2 3 4 3 3 4 2 1 4 1 3 3 1 3 1 2 2 2 2 1 4.263632
2 1 4 4 1 4 3 2 3 2 3 2 4 4 3 1 1 3 3 1 3 3 4 4 3 4 1 1 1 2 3 2 4 2 2 1 4 3 2 3 1 2 3 1 1 2 1 3 3 1 2 4 2 1 1 4.245880
4 4 3 4 4 1 4 1 2 2 3 1 1 1 1 2 2 2 2 1 3 1 3 2 4 1 4 1 2 2 3 2 3 2 1 3 3 3 1 2 2 2 1 1 4 4 3 4 3 4 1 2 2 1 1 4.390640
4 1 4 2 2 2 2 1 3 1 1 2 1 3 1 1 1 2 1 4 3 2 4 1 4 1 3 1 1 1 2 1 2 2 2 1 2 3 1 4 4 2 2 4 1 4 4 3 1 2 3 3 3 1 1 4.233665
1 2 2 4 4 3 4 2 2 2 2 3 3 2 2 1 4 4 3 4 4 1 2 2 3 4 3 4 3 4 2 4 1 4 4 2 2 3 4 3 4 2 3 4 1 4 2 4 2 2 1 4 3 4 1 4.311611
4 4 4 4 4 2 4 3 2 2 4 2 1 4 1 1 2 3 4 4 1 3 2 3 2 3 4 3 2 4 4 1 2 4 3 3 3 3 4 4 4 4 2 3 1 3 2 4 4 3 4 4 2 3 1 4.282137
4 4 3 1 1 3 4 2 4 3 3 4 1 4 1 2 3 2 4 3 3 2 3 1 4 1 4 2 3 3 1 3 2 3 3 2 2 4 4 1 1 4 4 1 4 2 4 1 2 3 4 3 2 4 1 4.198157
1 4 1 3 1 1 1 2 3 3 3 2 3 4 4 4 2 3 4 3 1 4 3 3 2 1 4 2 4 3 1 4 4 1 4 1 4 2 2 2 4 4 2 4 1 2 2 3 3 3 3 3 2 1 1 4.429123
2 4 2 2 2 3 2 4 2 2 1 3 3 1 2 2 2 2 1 1 3 3 1 1 1 3 3 3 2 2 4 3 2 2 1 1 4 4 4 1 2 3 3 4 4 2 1 2 3 3 4 2 3 2 1 4.213881
3 4 4 4 2 3 3 1 3 3 1 1 2 2 4 1 2 1 3 2 1 3 1 1 4 4 1 4 2 2 4 2 2 1 1 3 2 3 2 1 3 4 4 2 3 3 4 4 4 4 2 1 4 3 1 4.304562
4 2 2 2 3 1 2 3 1 2 1 4 4 4 1 4 2 4 1 2 4 1 4 4 4 4 3 4 4 1 1 4 3 3 4 2 1 1 3 4 1 1 4 2 3 4 4 3 2 3 2 1 2 1 1 4.157012
2 1 4 4 4 3 1 2 1 2 2 4 3 4 3 3 1 1 1 4 4 4 4 1 4 2 3 2 1 4 1 4 2 3 2 4 4 2 4 1 4 4 2 3 3 2 3 2 1 3 2 3 3 2 1 4.345388
3 1 1 2 4 3 2 1 3 3 4 4 3 4 3 4 4 2 2 4 4 2 3 4 3 1 1 3 1 4 1 2 3 2 1 4 4 3 4 3 2 4 1 3 2 4 3 3 1 1 4 2 2 4 1 4.238416
1 4 3 1 2 4 1 2 3 2 3 3 2 1 3 1 1 1 3 3 3 4 2 4 1 2 4 1 4 3 3 3 4 2 1 2 4 1 3 1 3 3 4 2 4 4 3 1 3 2 3 2 1 4 1 4.253269
1 2 2 1 1 2 3 4 3 2 4 3 4 1 1 2 2 1 3 2 4 1 4 2 3 1 1 4 3 4 3 1 2 1 4 2 3 1 3 3 1 1 1 2 1 4 1 1 1 3 2 1 4 1 1 4.228223
2 1 1 2 1 1 1 2 1 2 4 2 2 2 2 3 4 4 1 1 4 1 4 4 1 4 1 3 3 4 3 1 2 1 1 3 3 1 3 4 3 1 4 3 4 1 1 1 2 2 2 1 2 1 1 4.328611
3 4 2 4 3 1 3 4 4 3 4 2 4 4 3 3 3 1 4 4 4 1 2 1 3 1 3 3 1 3 3 4 1 1 1 2 4 2 1 2 1 1 3 4 4 1 3 3 1 3 4 4 4 1 1 4.186602
4 1 1 3 4 2 2 2 1 1 1 4 4 2 3 3 3 3 2 4 4 4 3 4 2 2 2 4 2 3 3 3 1 2 1 4 3 3 4 1 2 3 1 4 1 3 4 3 2 2 3 2 1 4 1 4.434978
2 4 1 1 4 2 1 3 2 4 4 1 3 1 1 2 3 2 4 1 4 3 1 3 2 2 4 4 1 3 4 2 4 2 2 3 2 1 4 3 3 3 3 3 1 3 4 1 4 3 4 1 2 4 1 4.306952
1 4 1 4 2 4 4 2 1 3 1 4 4 1 3 2 2 4 3 4 4 2 1 1 4 3 1 3 1 2 3 3 4 3 3 3 3 2 3 3 3 3 2 3 4 4 3 1 1 2 1 3 1 3 1 4.393586
4 4 4 4 1 1 1 1 1 4 4 4 3 1 4 3 1 1 1 4 4 1 2 1 2 1 1 2 1 3 4 3 1 3 4 3 3 1 4 1 2 1 2 2 1 1 4 3 4 3 2 3 2 1 1 4.516215
2 2 2 4 2 2 4 4 3 1 1 1 2 2 2 1 4 4 3 2 4 3 4 1 4 2 4 4 4 4 2 1 3 1 3 4 1 1 1 4 1 2 4 4 4 4 2 2 2 2 3 4 4 1 1 4.336148
4 4 3 4 2 1 3 3 3 4 2 2 3 1 4 3 2 3 2 4 2 2 1 1 3 4 4 3 4 2 2 1 2 3 4 2 2 2 4 1 2 4 4 4 1 4 1 3 4 2 4 1 4 4 1 4.296491
4 2 2 1 3 4 4 2 1 4 3 2 4 2 1 3 2 4 2 4 3 4 1 1 2 3 4 4 2 2 1 4 1 3 2 1 1 4 1 4 3 4 2 2 3 4 2 1 4 2 2 4 4 2 1 4.225071
2 2 3 3 2 1 3 3 4 1 1 2 3 3 3 2 1 3 4 4 3 1 4 2 3 2 4 3 1 1 2 3 4 1 2 1 2 4 3 1 1 4 4 2 3 4 2 1 1 2 3 4 1 1 1 4.256550
1 2 4 3 3 2 4 1 3 1 3 3 3 1 3 1 1 1 3 1 3 4 2 4 1 3 1 2 4 1 1 2 2 2 3 3 2 4 3 4 2 1 3 3 2 3 2 2 4 3 3 2 1 2 1 4.248706
4 4 4 1 1 3 2 4 1 3 4 3 2 2 2 1 3 1 4 3 1 4 1 3 2 2 1 3 2 4 1 4 2 3 4 3 2 3 4 3 1 4 1 3 2 2 1 3 3 1 1 1 1 4 1 4.155256
2 1 4 2 1 2 4 4 3 1 3 4 4 4 3 3 3 1 3 4 4 4 4 3 3 2 4 1 3 4 4 1 2 1 3 3 1 4 4 1 4 4 3 3 4 2 3 4 4 2 2 4 3 4 1 4.508719
4 4 1 1 2 4 1 1 1 3 1 4 4 4 2 1 1 4 2 3 4 1 2 2 4 4 4 1 4 4 4 1 3 4 4 1 2 1 1 1 4 2 1 2 1 2 4 1 4 1 3 1 2 4 1 4.249953
3 4 1 1 4 4 1 2 1 1 1 1 4 4 1 3 4 4 2 2 1 3 4 1 2 4 4 2 2 3 4 4 1 3 4 3 1 1 1 4 1 1 2 4 2 3 2 1 4 3 4 3 1 2 1 4.448730
1 1 2 3 1 1 1 3 3 4 1 3 4 4 2 2 1 1 3 1 4 4 2 3 2 3 2 4 3 3 1 3 1 4 1 3 3 2 4 1 2 3 3 2 3 1 4 3 1 2 4 1 3 2 1 4.226736
2 1 1 1 1 1 4 1 1 4 1 2 1 1 4 3 3 1 4 1 2 3 4 4 1 3 4 1 1 3 1 4 3 4 2 1 4 4 4 2 1 3 3 4 2 2 4 3 1 3 1 1 1 1 1 4.389314
4 1 3 1 1 1 3 3 4 4 1 1 1 1 1 4 1 2 3 1 1 2 4 4 1 3 2 2 4 3 1 4 1 3 4 2 1 1 3 1 2 3 4 4 3 3 4 3 1 2 4 4 1 1 1 4.284789
2 2 4 3 1 2 3 3 2 2 4 4 3 3 2 1 1 3 2 3 4 1 3 2 2 3 3 3 2 1 4 4 4 2 3 2 2 1 1 4 3 1 2 4 4 4 3 1 2 1 4 4 1 4 1 4.245203
2 3 1 4 3 1 3 1 4 2 4 2 3 2 2 3 3 3 2 3 3 4 3 3 3 3 2 1 3 1 4 4 4 1 1 3 2 3 1 1 4 1 4 2 1 1 3 2 2 2 1 2 1 3 1 4.254400
4 1 1 1 3 1 3 1 2 1 2 1 2 1 3 3 2 1 1 3 2 3 3 3 3 1 4 1 1 1 3 1 1 2 1 3 1 1 2 4 1 3 1 2 1 3 3 4 4 2 2 1 4 4 1 4.305630
3 1 3 1 3 3 1 2 4 2 1 1 4 1 1 2 1 1 3 1 1 1 2 3 4 1 3 2 2 1 4 1 2 3 1 4 4 4 3 4 3 3 3 3 1 1 3 2 1 1 3 3 1 3 1 4.095751
1 2 2 2 3 1 1 3 2 1 3 2 1 4 2 3 1 4 3 2 4 4 4 1 1 3 2 3 1 3 3 3 4 1 4 1 1 2 1 2 1 1 2 2 3 1 4 1 3 3 1 1 2 3 1 4.153801
3 1 2 2 2 3 4 2 2 4 4 4 1 2 2 4 3 1 3 1 2 2 4 1 1 4 4 1 2 4 3 2 2 2 3 3 3 4 1 4 3 1 4 2 1 4 1 4 3 3 2 4 1 2 1 4.426777
1 1 1 3 3 1 2 4 3 1 3 3 3 3 2 3 3 2 3 3 3 3 2 4 1 4 3 4 3 2 2 2 4 3 2 2 1 1 2 1 4 2 4 3 2 3 3 1 1 3 3 2 1 3 1 4.074106
1 3 4 2 1 3 3 3 2 3 1 3 3 1 4 3 3 2 1 4 1 3 2 1 3 3 2 3 2 1 2 3 3 4 1 3 4 2 2 1 3 4 3 1 3 3 3 1 4 1 1 4 4 4 1 4.249917
2 4 4 4 4 4 4 4 1 4 1 2 2 2 4 2 3 1 3 1 2 1 2 3 3 4 2 4 4 3 2 4 2 4 1 1 3 1 4 4 4 3 3 3 3 1 1 1 1 3 4 4 2 1 1 4.311772
3 2 2 3 4 1 1 4 3 2 1 1 1 2 2 1 3 4 4 1 2 3 3 3 2 3 3 2 3 3 4 1 4 1 3 3 4 2 4 2 3 4 2 1 1 3 4 1 3 2 1 4 2 4 1 4.260630
2 4 1 4 1 1 4 3 1 4 4 2 2 1 4 1 1 4 4 1 3 2 4 1 1 1 2 1 2 1 2 3 1 4 1 1 4 4 2 1 3 4 4 2 3 3 2 1 3 2 4 3 1 3 1 4.308531
2 3 3 3 4 3 1 3 3 1 2 2 1 1 1 2 2 2 1 2 2 3 4 3 3 2 3 3 3 3 1 3 1 2 1 4 2 4 2 3 4 4 4 1 4 2 2 2 3 4 1 4 1 4 1 4.209839
1 1 3 4 1 3 3 3 1 2 2 3 3 1 1 2 2 1 1 2 2 3 2 1 3 2 1 2 1 2 1 4 1 1 3 1 4 1 1 1 4 4 1 2 3 3 1 4 1 4 2 4 4 4 1 4.146831
3 2 3 2 3 4 1 2 1 4 4 2 4 1 2 1 2 4 4 1 4 2 2 3 3 1 1 2 3 1 2 4 2 1 3 1 4 2 3 2 4 3 3 4 1 2 2 1 1 4 3 4 3 4 1 4.269145
4 1 1 1 3 1 1 2 3 2 1 2 1 3 3 1 1 1 4 3 3 1 1 1 4 4 4 1 2 1 1 1 3 2 1 1 2 4 4 1 4 4 1 4 3 2 4 1 1 2 2 4 3 3 1 4.374016
2 3 1 2 2 2 1 4 4 1 4 3 1 1 1 1 4 3 1 1 2 1 3 1 3 1 1 3 4 2 4 1 4 3 3 3 2 2 4 3 3 4 4 4 1 4 1 2 2 2 1 4 2 2 1 4.387417
3 2 1 3 1 1 1 1 2 2 2 1 3 3 1 1 2 3 2 2 4 2 1 1 1 3 2 1 3 4 1 4 1 4 1 1 1 3 1 4 1 4 3 1 4 2 4 1 1 3 1 4 1 4 1 4.212231
1 1 1 2 3 2 3 3 3 2 1 4 2 1 2 3 3 4 1 1 2 4 1 3 1 2 2 2 3 4 2 3 2 1 4 3 4 4 4 2 2 4 4 1 4 4 1 4 2 4 2 3 3 1 1 4.466525
1 3 1 4 2 2 1 4 2 4 3 4 2 1 2 1 2 2 3 4 2 4 3 3 2 3 3 4 1 4 1 1 1 1 1 4 1 1 3 3 3 3 2 4 4 2 1 1 2 1 4 1 3 3 1 4.300341
3 4 2 3 2 2 4 4 3 1 4 4 2 3 2 1 3 4 2 2 3 1 4 3 3 1 4 2 4 1 1 2 2 4 2 3 4 4 3 2 3 4 4 2 4 1 4 2 4 2 3 2 2 3 1 4.285484
4 2 4 3 3 4 2 3 2 4 1 1 1 2 2 3 1 3 2 4 1 1 1 1 2 2 2 2 1 1 3 4 3 3 1 3 4 1 2 4 4 2 3 4 3 1 4 1 4 2 2 1 3 4 1 4.267740
3 2 1 4 1 4 1 1 4 3 2 4 4 2 1 3 2 2 2 3 1 1 3 4 2 3 4 4 2 2 2 4 1 2 3 3 4 2 3 3 4 3 4 2 2 3 3 3 3 3 3 4 1 2 1 4.360288
4 2 3 1 4 1 3 3 4 3 2 3 3 3 2 1 1 3 4 1 4 2 3 2 1 1 3 3 1 2 2 2 3 2 2 3 4 2 4 1 4 3 1 2 2 1 4 3 4 2 2 2 4 4 1 4.189484
1 3 2 3 3 3 3 4 2 3 4 4 2 3 1 2 2 4 1 4 2 2 4 1 3 3 4 1 2 2 4 2 3 1 4 4 2 1 1 2 3 3 3 3 1 4 3 4 1 3 2 3 1 2 1 4.078892
2 1 1 1 3 4 2 2 1 2 3 3 2 3 3 3 3 1 1 2 1 1 4 4 2 3 1 4 1 4 4 3 2 3 1 2 4 3 4 1 3 1 2 2 3 4 3 3 4 1 2 4 4 4 1 4.226307
2 1 1 4 1 2 2 3 3 1 1 1 3 1 3 4 3 1 4 4 4 4 1 2 2 3 3 4 1 1 1 1 3 3 2 3 4 4 1 3 4 3 4 4 1 4 4 2 3 2 4 4 2 2 1 4.359500
3 2 1 1 2 4 2 4 3 3 4 4 2 1 4 3 1 4 3 1 4 1 4 1 3 3 4 4 1 1 2 4 4 4 2 4 4 1 1 2 4 4 1 4 3 1 3 1 2 1 3 4 1 1 1 4.130512
1 1 3 2 3 3 1 4 4 3 4 4 1 3 1 3 2 3 3 3 1 1 3 2 3 3 2 4 4 1 3 2 4 4 4 2 2 1 2 2 4 2 2 3 1 2 2 2 3 4 1 4 2 4 1 4.244712
2 3 3 3 1 1 3 3 1 2 4 2 3 2 4 2 2 4 2 3 1 1 1 3 2 1 3 3 3 3 2 3 1 1 1 3 3 2 4 2 4 4 3 3 2 1 3 3 3 4 3 2 3 4 1 4.255853
1 1 1 3 4 4 2 3 2 4 3 4 2 1 2 3 2 1 3 3 2 4 1 2 1 1 1 3 2 3 3 2 3 4 2 3 2 1 4 4 3 2 2 4 2 3 4 4 1 2 3 3 4 4 1 4.317017
2 2 3 2 2 2 3 3 2 2 2 2 1 1 2 3 1 4 2 2 2 3 2 2 2 2 4 4 1 1 3 3 4 4 3 2 3 1 4 2 2 4 2 2 4 3 2 4 2 4 3 4 4 4 1 4.411428
4 2 3 4 2 3 2 2 2 2 1 4 4 2 3 1 1 4 2 3 3 2 2 2 4 2 4 4 3 3 3 2 3 3 2 1 2 2 2 1 4 2 4 1 4 4 4 1 1 2 3 2 4 2 1 4.379577
3 4 2 4 2 2 1 2 4 4 4 2 4 3 2 2 2 3 3 2 1 4 2 3 1 4 3 4 1 2 2 4 2 3 1 1 2 1 4 4 3 2 2 1 4 4 4 3 2 3 1 4 2 4 1 4.415383
4 4 2 2 3 2 1 2 4 3 2 2 4 1 3 1 1 2 3 3 2 2 2 4 4 4 1 1 3 3 3 4 2 2 3 1 1 4 1 4 2 2 2 4 1 2 4 2 2 3 1 4 4 3 1 4.215685
1 2 4 1 2 2 1 3 2 4 4 4 1 2 1 1 2 3 3 4 2 4 4 4 1 4 1 1 3 2 2 2 1 3 2 1 2 2 4 4 2 3 2 4 4 2 1 1 1 3 1 1 2 4 1 4.460617
1 2 2 4 1 2 3 4 4 4 1 4 4 2 3 3 2 4 4 4 2 4 3 4 3 2 1 2 1 3 2 3 2 4 3 3 2 2 3 2 4 4 4 1 1 2 4 3 2 3 3 4 4 3 1 4.467580
4 1 3 1 3 4 1 4 4 2 2 1 1 1 1 4 2 4 4 2 1 2 2 2 2 2 3 2 4 1 3 1 1 2 1 3 3 3 4 2 2 3 1 4 3 4 1 3 1 2 3 3 4 3 1 4.386211
4 1 3 1 2 2 2 3 2 4 3 3 2 1 1 4 2 4 1 3 4 1 4 2 3 1 3 1 3 3 4 2 4 3 2 3 4 1 2 2 3 3 2 1 1 4 3 1 4 2 1 3 3 2 1 4.208235
1 3 3 1 2 3 3 4 1 4 1 4 3 4 2 1 3 1 1 3 1 3 4 1 4 3 1 3 2 1 1 2 4 3 4 2 1 4 2 4 4 3 3 1 3 2 2 3 4 1 4 3 4 3 1 4.120102
4 4 2 1 3 4 4 4 1 3 2 2 4 2 2 3 3 4 3 2 4 4 3 2 4 1 4 2 3 4 4 2 2 2 3 4 3 4 1 1 4 2 4 1 2 3 4 1 3 2 4 2 1 3 1 4.305859
4 4 2 3 3 1 4 1 3 1 4 4 3 4 3 3 2 3 1 3 3 1 4 1 3 3 3 4 1 4 4 4 2 4 2 2 2 4 2 1 3 2 4 3 3 1 4 2 4 4 4 4 4 4 1 4.382573
4 4 2 2 3 2 1 2 2 2 3 3 2 4 3 3 3 2 1 1 4 1 2 4 4 3 2 3 4 3 1 1 2 3 2 3 2 2 4 4 1 1 1 2 1 4 4 4 3 3 3 3 3 2 1 4.350924
4 4 3 3 4 3 2 3 1 1 2 3 1 2 4 2 1 3 1 3 2 1 4 2 4 3 4 3 3 4 4 2 4 3 3 3 2 1 2 2 3 1 3 1 2 1 4 3 1 3 4 3 2 1 1 3.973486
3 1 1 2 3 3 2 1 2 3 1 1 1 4 3 3 1 1 2 1 1 3 1 3 1 1 2 4 1 2 4 3 4 2 1 3 2 3 1 4 3 1 4 2 2 2 3 3 2 4 3 2 3 2 1 4.398552
3 2 3 1 3 2 1 3 1 2 2 1 3 4 4 1 4 4 3 3 3 4 4 4 3 3 2 1 2 4 1 3 3 1 4 2 1 1 1 1 2 2 3 3 2 4 2 4 2 1 3 3 3 1 1 4.199227
3 3 4 4 3 1 2 3 1 1 4 1 1 2 3 1 2 2 2 1 3 4 3 3 3 2 2 2 4 2 3 3 4 1 2 1 3 2 3 3 2 2 3 3 2 3 4 3 1 4 1 3 2 1 1 4.305603
3 3 4 3 3 1 1 2 4 1 1 1 2 4 1 4 3 3 3 3 4 2 2 3 3 1 1 4 1 3 4 3 1 1 2 1 1 3 1 3 2 3 2 3 4 4 4 3 4 4 4 4 1 1 1 4.417159
1 1 3 1 1 2 1 1 4 1 3 2 4 3 2 4 1 3 3 2 4 4 2 3 1 3 3 2 2 4 3 1 1 2 2 3 2 1 1 1 3 3 3 3 2 2 3 4 1 2 1 2 3 3 1 4.309145
2 4 2 4 3 1 1 2 4 1 3 3 2 3 1 1 1 2 1 2 4 4 3 3 3 4 4 2 4 4 3 4 1 4 1 1 4 3 1 3 2 3 3 1 4 4 2 1 3 2 3 2 3 3 1 4.285012
4 2 1 4 2 4 4 1 1 3 1 3 4 1 1 1 3 3 2 2 4 3 3 2 2 3 4 4 4 1 4 2 1 1 1 1 3 3 1 1 3 2 3 2 2 3 3 3 3 1 4 2 2 4 1 4.357873
2 4 3 1 1 2 3 4 1 1 1 1 2 3 2 2 1 3 4 2 3 4 2 4 2 2 2 3 1 2 4 4 3 4 2 3 3 4 3 4 1 1 2 2 3 2 4 3 3 3 3 1 3 2 1 4.105363
2 3 2 4 2 3 3 1 1 1 1 4 3 4 2 4 1 1 4 2 2 3 2 1 4 4 3 2 3 2 3 1 1 2 3 3 3 1 3 1 3 2 2 1 3 4 1 4 2 3 4 4 1 1 1 4.438310
4 1 1 1 1 3 1 4 1 3 1 2 1 2 2 4 1 1 4 3 3 4 4 4 3 1 1 3 3 3 2 1 4 1 3 3 2 3 3 4 1 1 2 2 2 2 2 1 3 4 3 1 3 1 1 4.317176
2 3 1 3 2 4 3 1 1 1 3 1 2 4 3 1 4 2 2 2 2 1 4 2 4 3 4 2 2 2 4 4 4 1 3 1 2 4 1 1 1 2 3 4 3 4 4 2 3 1 3 3 3 1 1 4.352168
3 3 2 2 2 2 2 3 2 3 1 3 1 2 2 4 2 3 2 2 2 2 1 1 3 3 3 1 2 4 4 2 3 2 4 3 3 4 2 3 3 1 1 3 1 4 4 4 4 4 4 3 4 3 1 4.204728
3 2 1 3 3 2 2 3 3 3 1 3 2 2 3 4 2 3 3 2 2 4 2 2 4 3 2 4 4 1 4 4 3 3 4 4 2 2 1 4 4 2 3 3 1 2 2 2 2 1 1 2 4 4 1 4.190922
4 3 4 4 3 3 4 4 2 1 4 4 1 2 4 4 3 2 2 1 2 4 3 2 2 2 2 2 2 3 1 1 3 4 1 1 4 1 3 4 2 2 2 1 2 3 2 4 1 1 2 2 4 1 1 4.437837
3 4 4 1 1 4 4 4 1 3 4 2 4 3 3 4 2 2 4 2 1 3 4 2 2 1 3 2 4 1 1 4 1 1 2 3 2 2 2 4 1 3 3 2 4 3 4 3 3 1 1 1 2 4 1 4.404667
3 2 1 3 1 4 4 4 2 2 4 3 2 4 4 4 2 4 3 1 4 3 4 3 2 3 1 3 4 2 4 2 4 1 1 3 2 2 2 1 4 3 4 2 4 4 3 3 1 3 1 2 2 3 1 4.388288
4 3 2 2 4 4 4 1 2 4 1 4 4 4 4 2 3 2 4 1 4 4 1 3 2 2 4 3 3 2 4 3 4 3 4 3 4 4 1 3 1 4 1 2 1 3 2 2 4 3 2 1 4 2 1 4.413394
3 4 2 2 4 3 2 4 1 3 2 2 1 1 4 3 3 4 1 1 4 1 4 1 3 1 3 3 2 3 3 4 2 1 4 3 4 1 3 2 1 1 1 4 2 4 3 1 4 4 4 4 1 4 1 4.311685
1 2 1 1 3 1 1 1 2 4 4 3 2 1 3 4 4 2 1 4 3 4 2 1 3 2 3 1 3 1 4 3 2 3 2 2 3 2 1 2 4 3 1 2 3 3 2 3 1 3 1 1 2 4 1 4.277190
3 2 3 1 1 2 4 4 1 1 2 4 3 1 2 2 2 1 2 2 3 3 2 2 3 1 1 1 3 3 4 3 4 4 1 2 4 2 2 4 3 3 1 2 4 3 3 1 3 2 3 3 1 2 1 4.407888
2 3 4 3 3 1 1 1 2 1 2 2 2 2 2 3 4 1 2 2 3 3 1 4 2 3 3 3 4 3 1 1 3 4 4 3 1 1 2 1 4 3 4 1 3 2 2 2 1 2 2 4 2 3 1 4.195832
4 2 3 4 2 1 2 1 1 4 2 3 2 3 3 1 3 2 4 1 2 3 1 1 4 3 3 3 3 4 1 1 3 3 1 3 1 4 4 2 2 2 1 2 3 3 1 3 1 4 4 1 3 3 1 4.267653
3 3 3 3 3 1 4 2 3 4 3 4 3 4 3 1 4 3 2 3 1 1 1 1 3 3 4 1 4 4 3 1 4 2 4 3 3 1 3 2 2 2 4 4 2 2 3 1 3 3 1 3 2 3 1 4.274930
3 1 4 4 3 3 1 4 4 4 2 3 3 4 3 4 1 3 3 3 3 2 3 1 3 2 3 1 3 2 3 3 2 4 3 3 2 2 4 4 3 2 3 1 3 1 1 1 2 4 1 2 3 2 1 4.173495
4 1 3 2 4 2 1 4 2 2 4 2 2 4 4 1 4 4 4 4 3 1 2 3 3 3 1 2 4 3 4 3 3 2 2 2 4 1 4 4 3 2 3 4 1 2 2 3 4 3 2 3 1 4 1 4.281024
3 3 1 2 1 2 3 2 2 1 1 1 1 3 1 2 2 1 4 3 1 3 3 4 4 2 2 1 3 1 3 2 4 1 2 4 4 3 4 1 2 2 2 2 1 3 4 1 1 4 1 4 2 4 1 4.217410
2 3 1 4 1 1 1 2 3 2 1 1 1 4 2 2 4 2 3 2 2 1 1 3 1 1 2 1 1 1 4 1 2 4 4 2 2 4 1 2 4 2 4 3 1 1 3 4 2 3 2 2 1 4 1 4.440521
2 2 1 1 1 4 2 1 2 1 2 4 2 2 4 3 2 2 3 1 3 1 1 3 2 4 1 2 4 3 4 1 4 4 2 2 4 4 2 4 4 2 3 2 1 1 2 1 1 3 2 4 4 2 1 4.397614
1 2 1 1 1 1 1 2 3 1 2 2 3 3 2 4 1 2 1 1 3 1 3 2 3 1 3 1 2 2 2 1 2 2 2 1 2 2 1 4 4 2 3 1 4 2 1 1 4 4 4 4 4 4 1 4.460687
3 1 1 3 1 1 1 4 2 3 1 1 4 3 2 1 2 2 4 3 2 4 3 4 2 2 4 4 4 3 2 1 1 4 2 1 3 4 4 3 1 1 3 1 3 4 3 2 4 3 1 2 3 1 1 4.256029
4 2 1 3 1 3 2 4 1 2 1 1 1 1 2 1 1 3 1 3 4 3 1 1 2 1 4 1 2 3 4 3 2 1 3 3 1 1 3 1 3 3 3 2 4 3 2 4 2 1 3 1 4 3 1 4.208156
1 1 4 1 3 1 1 1 3 2 1 3 3 1 2 3 4 3 3 4 1 4 1 3 2 4 4 4 2 3 4 1 3 3 1 3 1 3 3 4 1 3 3 1 3 3 1 1 3 2 2 1 4 3 1 4.371806
4 3 4 3 1 4 4 3 1 4 1 3 3 2 1 1 3 3 4 3 3 3 1 2 4 1 3 3 3 4 1 1 1 1 1 1 4 2 3 1 1 3 3 4 3 3 3 1 2 4 3 2 2 3 1 4.227443
3 1 1 4 3 4 3 2 1 3 3 3 4 4 1 1 1 4 3 3 3 4 1 4 1 1 2 2 4 4 3 1 2 3 4 2 1 1 3 2 2 4 4 1 3 3 1 1 1 4 3 3 1 1 1 4.285197
2 3 3 3 4 1 1 4 3 1 1 4 4 3 1 1 4 2 2 3 2 2 3 4 1 2 3 3 4 4 4 3 4 1 1 1 2 2 1 1 3 1 2 3 2 1 2 3 2 2 3 3 3 4 1 4.222101
3 4 2 2 3 3 3 1 1 4 4 2 1 4 1 4 2 1 2 4 4 1 2 2 2 4 2 4 1 4 2 3 3 4 2 3 1 3 2 4 2 4 4 4 4 3 2 3 3 4 4 1 3 4 1 4.351566
4 3 1 1 4 2 4 2 3 2 1 4 2 3 1 1 4 1 4 2 1 4 3 3 4 3 4 1 1 3 4 2 1 1 3 4 1 3 2 2 4 4 3 2 4 3 2 4 3 4 1 1 4 4 1 4.346304
3 2 4 4 4 2 4 4 1 2 1 3 1 4 4 1 4 3 3 3 4 2 2 2 2 2 4 2 4 1 2 2 2 3 2 4 2 4 1 2 4 3 4 1 2 1 3 4 1 3 2 2 2 1 1 4.325984
4 4 2 2 4 1 2 2 2 3 4 1 4 3 1 4 2 2 2 2 2 2 4 3 4 1 2 4 3 2 3 1 4 3 1 2 2 2 2 3 3 4 4 4 4 4 4 3 4 4 3 3 4 2 1 4.341062
1 4 4 1 2 1 3 4 3 2 2 3 4 3 2 2 2 1 2 4 4 2 4 3 4 2 2 4 2 1 2 3 1 1 1 3 4 1 3 2 4 4 2 3 2 2 2 1 4 2 2 3 4 3 1 4.308279
4 3 4 4 1 2 4 2 4 2 1 3 2 4 2 1 4 1 3 3 2 4 3 2 2 1 1 4 1 1 1 4 3 4 2 2 4 2 1 1 2 4 2 2 4 1 1 4 2 3 4 4 1 3 1 4.378785
2 4 4 4 4 1 1 1 4 2 1 2 3 2 3 3 2 2 2 1 2 4 3 4 4 4 4 1 4 1 1 4 4 2 2 4 4 1 2 1 3 4 3 3 1 4 3 2 2 2 1 4 4 2 1 4.368836
1 3 4 1 2 4 4 4 1 1 1 3 3 4 4 3 1 2 2 2 3 1 3 3 3 2 3 4 4 2 4 2 2 4 1 2 2 2 4 2 1 2 2 3 1 4 4 1 4 3 2 2 1 4 1 4.378590
4 1 4 2 1 1 3 3 2 1 2 3 3 4 4 2 3 2 1 3 3 3 1 1 4 4 4 2 1 4 4 4 1 4 2 3 1 4 2 1 4 1 1 3 1 3 2 1 1 4 2 1 4 1 1 4.200425
4 1 1 1 3 2 1 2 1 2 2 4 4 4 1 2 3 1 3 1 4 2 2 4 4 3 4 1 3 3 4 2 2 2 4 1 3 1 2 1 3 1 1 2 4 4 4 4 4 1 4 1 3 1 1 4.336114
1 2 2 3 3 4 4 4 3 3 4 3 4 3 2 3 2 2 1 2 2 4 4 1 4 4 4 4 3 4 4 3 3 4 1 3 2 4 1 1 2 1 1 4 4 3 1 3 4 4 1 2 2 1 1 4.275883
3 3 4 2 4 3 3 4 3 3 1 2 4 4 4 1 4 1 4 4 3 4 3 4 4 4 1 1 4 3 4 4 1 3 2 2 3 2 3 1 1 4 2 3 1 1 3 4 2 2 4 4 1 1 1 4.247770
4 4 3 3 4 3 3 3 2 2 2 4 1 4 1 3 2 1 4 3 3 3 4 3 2 1 4 1 4 2 4 2 3 2 1 3 2 1 1 4 4 2 3 4 2 3 4 3 4 2 1 1 2 1 1 4.267548
4 3 3 2 3 3 2 4 2 1 1 1 1 1 4 4 3 4 1 3 2 4 1 3 1 1 1 4 2 4 2 1 2 4 4 4 2 4 3 3 1 3 1 1 1 2 3 1 2 1 3 2 4 1 1 4.172503
3 4 2 1 1 3 3 2 3 4 4 4 1 1 1 2 1 2 3 2 2 1 3 1 2 1 4 4 3 3 3 3 2 4 4 4 4 4 1 2 2 3 1 4 3 4 3 4 2 4 3 3 3 1 1 4.126210
1 1 3 2 4 2 1 2 2 4 4 2 4 1 4 4 1 4 2 1 1 4 2 1 2 2 3 2 2 1 2 1 2 2 1 4 4 2 3 1 4 1 3 2 1 2 2 4 3 4 2 2 4 3 1 4.548052
4 4 3 2 4 2 3 2 1 2 4 1 4 4 1 2 1 1 2 1 4 4 4 3 4 3 4 1 1 1 2 1 1 4 2 1 1 1 1 1 3 4 2 1 3 1 1 3 2 1 1 4 1 3 1 4.321660
1 3 2 2 4 4 1 1 1 1 1 4 3 1 2 1 1 3 4 3 2 1 4 3 4 3 2 1 1 1 1 1 1 3 3 3 3 3 2 3 3 3 1 4 3 1 2 1 1 4 3 1 1 3 1 4.264942
2 4 3 4 2 1 1 4 1 3 2 3 3 1 1 4 4 1 3 4 1 3 3 4 2 4 1 1 4 3 1 3 1 3 2 4 4 3 3 4 4 4 4 3 3 2 1 1 1 4 4 3 4 4 1 4.414444
1 2 1 2 4 4 3 2 3 4 1 3 2 4 4 4 4 3 1 2 1 4 3 4 4 2 4 4 1 2 4 4 1 3 2 2 1 3 2 3 2 4 3 4 4 4 2 2 1 2 2 1 4 4 1 4.423090
2 2 3 2 1 4 2 2 4 4 2 2 4 2 3 4 3 4 4 4 4 4 3 2 4 2 3 1 2 3 1 2 3 1 2 4 2 3 2 4 2 2 4 1 3 3 4 4 4 2 3 3 3 2 1 4.279049
1 4 4 4 4 4 2 1 3 2 4 4 2 4 4 3 4 1 2 4 2 3 4 2 3 2 3 3 3 3 1 1 2 2 3 4 1 4 3 4 3 4 3 3 3 2 4 1 3 3 1 2 1 2 1 4.345218
4 4 4 2 4 1 1 1 2 3 3 2 4 1 4 3 4 4 3 2 3 3 1 4 2 1 3 1 4 3 1 1 3 2 4 1 4 4 1 2 1 1 3 3 2 3 4 3 2 1 2 3 1 4 1 4.361754
3 2 3 4 4 4 1 1 1 1 1 2 1 2 3 2 1 2 2 4 3 1 1 2 1 4 4 3 1 3 2 4 4 3 4 4 4 3 2 2 3 3 4 4 3 2 1 2 1 1 3 1 4 3 1 4.376054
1 3 3 3 4 2 2 3 1 1 1 4 2 3 2 2 1 3 3 4 1 4 4 4 4 1 2 2 1 4 4 3 2 1 1 1 4 1 1 4 1 4 3 4 3 1 1 3 1 3 2 1 1 1 1 4.179621
3 2 2 4 2 2 4 2 2 2 1 3 2 2 2 4 1 1 3 3 4 1 1 3 4 4 2 3 2 3 1 4 2 4 4 2 1 3 2 1 1 4 3 3 4 4 3 4 3 4 2 1 2 3 1 4.435740
4 4 4 2 4 1 3 3 4 3 2 1 2 3 4 1 2 1 1 3 1 1 3 3 3 1 2 1 3 3 2 4 2 2 2 4 4 1 4 4 2 1 1 4 2 3 4 4 3 3 3 3 3 2 1 4.346600
1 3 2 1 3 2 1 4 4 1 1 3 4 2 2 4 1 2 1 1 2 1 4 3 4 1 4 3 4 3 2 3 4 3 4 3 2 2 2 1 2 4 3 2 3 2 3 4 3 4 4 4 2 1 1 4.460310
3 1 1 4 3 2 1 1 2 3 1 4 4 2 4 1 3 3 3 4 4 1 1 1 2 4 2 3 2 1 1 4 3 2 4 3 3 2 2 1 4 1 4 3 1 3 1 2 4 3 2 3 1 4 1 4.238117
1 1 4 3 3 4 4 4 4 1 3 1 3 2 1 3 1 1 2 3 1 1 3 2 4 1 2 1 3 4 3 4 4 4 4 4 4 2 3 3 3 2 2 1 4 1 1 4 4 2 2 2 3 1 1 4.409625
1 4 4 3 2 3 1 3 1 3 3 2 4 4 4 1 3 1 1 3 3 4 3 4 4 4 1 2 1 1 2 1 2 3 2 1 4 1 1 2 4 1 1 2 1 1 3 2 4 3 1 4 4 1 1 4.291703
4 4 2 2 2 3 3 3 2 3 1 3 1 4 4 2 1 4 4 3 2 3 2 1 4 4 1 1 4 4 4 4 4 2 1 4 3 3 3 4 3 4 4 4 2 1 3 2 1 1 4 3 4 1 1 4.264215
3 2 1 3 3 3 1 3 3 4 4 1 2 3 1 4 1 4 4 2 4 4 2 3 4 2 1 2 1 1 3 4 3 1 3 4 2 2 4 4 3 1 4 4 1 1 4 2 3 4 3 1 2 3 1 4.215967
4 2 2 2 2 4 1 1 4 4 2 1 2 1 3 4 1 3 1 4 1 4 3 2 1 2 3 2 1 4 4 4 2 2 3 1 4 2 1 4 1 1 4 2 4 3 4 4 3 2 4 3 2 1 1 4.427594
4 2 1 4 2 1 4 1 1 4 4 4 1 1 2 1 4 3 4 3 4 3 1 1 4 1 2 2 3 4 2 1 2 1 3 4 4 4 3 4 4 4 4 2 1 4 1 2 3 4 1 2 3 4 1 4.300155
3 2 1 1 1 2 1 1 4 1 1 1 1 2 2 1 4 4 4 4 4 3 3 3 1 4 1 2 4 4 2 3 4 1 1 4 4 4 1 1 3 3 4 3 2 2 4 3 4 4 1 3 3 4 1 4.294271
1 1 2 4 1 1 1 1 4 4 4 4 1 2 1 4 4 3 3 3 2 1 2 3 4 2 3 4 4 4 1 1 4 4 4 4 1 4 4 3 4 2 3 1 2 1 1 4 4 1 1 3 4 1 1 4.431182
1 4 1 1 1 4 4 4 3 4 3 4 1 1 1 4 4 3 2 1 4 4 1 2 2 1 4 4 4 4 1 1 3 2 3 3 4 4 2 1 3 2 3 4 2 3 2 1 4 1 3 4 4 3 1 4.406957
2 1 1 1 1 1 1 4 1 4 3 3 1 4 4 4 4 3 3 3 1 2 1 2 3 4 1 4 4 4 1 1 3 3 2 1 3 3 4 4 4 2 3 2 3 4 3 2 4 4 3 2 4 3 1 4.344090
3 1 2 3 2 4 1 1 1 4 4 4 2 3 1 3 4 3 3 3 3 2 4 3 1 1 2 4 4 4 1 4 2 4 1 4 4 4 1 2 3 4 3 1 2 4 2 4 4 4 3 4 4 2 1 4.404646
4 4 4 3 4 1 2 1 2 4 3 4 3 3 4 1 1 3 4 3 4 3 1 3 2 1 2 3 4 1 1 1 3 3 2 2 3 3 1 2 3 1 4 3 2 4 4 1 1 3 1 3 3 2 1 4.223424
1 3 2 1 3 4 1 3 4 1 1 1 4 3 4 3 1 2 3 4 2 2 4 3 4 3 1 1 3 4 3 2 4 2 1 1 1 4 1 1 3 2 2 3 3 2 1 4 2 1 1 4 3 1 1 4.269136
2 1 1 4 1 1 1 3 1 1 4 1 4 1 4 3 2 2 3 4 1 3 1 3 3 4 3 3 2 3 4 1 1 2 4 1 3 2 2 3 1 3 1 2 1 3 2 4 3 3 4 1 3 3 1 4.394506
3 4 1 1 1 1 1 4 3 2 2 1 2 1 1 1 3 3 3 1 3 4 3 4 4 3 2 4 2 1 1 1 4 2 3 3 4 2 3 3 2 3 1 3 1 3 3 2 1 2 2 3 3 1 1 4.164733
4 1 2 1 1 1 3 1 1 2 2 3 1 1 4 4 4 3 2 4 4 3 1 3 2 1 3 3 4 3 1 1 1 1 2 4 4 3 3 3 1 3 3 2 3 1 4 3 4 2 1 4 2 2 1 4.293941
4 1 3 3 1 1 3 4 1 2 3 3 2 1 2 1 2 3 1 4 1 1 3 4 2 1 4 1 1 4 1 4 4 1 1 2 1 2 3 1 3 2 1 2 3 2 3 2 1 1 3 4 3 4 1 4.357978
2 3 1 3 2 2 4 1 2 4 3 1 1 3 2 1 3 1 4 1 1 2 3 1 4 1 4 4 3 3 1 1 3 4 1 4 1 1 1 1 2 1 1 4 4 3 4 1 4 1 3 1 1 4 1 4.252697
1 3 1 1 2 4 2 4 1 1 2 1 3 4 3 4 4 1 3 1 2 1 2 4 1 2 4 1 1 2 4 3 2 1 3 2 3 3 4 1 3 1 3 4 1 3 4 2 1 2 2 1 4 1 1 4.334644
1 1 2 3 1 2 1 4 2 4 3 2 1 4 4 1 3 1 1 4 3 4 2 1 4 1 2 1 2 3 2 3 1 3 3 3 4 3 1 4 1 1 1 1 1 2 2 2 1 1 1 3 1 1 1 4.593548
4 2 3 1 1 2 4 2 1 1 1 4 1 1 1 3 3 1 1 4 1 2 2 3 2 2 4 1 4 2 4 1 1 4 1 4 3 2 1 4 1 1 2 3 1 3 2 2 3 3 3 1 3 4 1 4.405923
2 1 4 3 4 2 3 2 1 2 3 1 1 2 1 4 1 1 4 4 1 2 1 4 3 1 2 4 3 2 3 2 1 1 3 4 1 4 4 1 1 1 3 1 2 2 4 2 3 4 1 1 2 1 1 4.613666
1 3 2 4 1 3 1 4 1 1 2 1 4 2 2 4 1 1 1 4 3 2 2 2 4 3 2 1 4 3 1 1 4 3 3 4 1 1 4 4 1 3 4 2 1 3 3 2 4 3 3 4 3 4 1 4.307029
2 2 2 2 4 1 3 4 1 1 2 4 4 1 3 4 4 3 4 1 4 1 2 4 4 3 1 1 1 3 1 2 3 3 2 1 1 1 3 3 1 3 2 1 3 2 2 4 3 1 1 3 3 1 1 4.302057
1 3 3 1 3 4 4 2 1 3 1 1 1 3 4 4 2 3 1 4 4 4 3 3 2 4 3 1 2 2 2 2 1 1 4 3 1 1 4 2 3 3 3 2 3 2 2 3 4 2 2 2 4 1 1 4.364220
1 4 2 4 1 1 1 1 3 2 4 3 3 2 4 1 1 4 3 3 1 2 3 3 3 3 3 2 2 1 2 1 4 3 1 4 3 1 2 2 2 1 4 1 1 2 2 4 3 3 2 3 3 2 1 4.273645
3 2 4 2 4 1 3 1 1 2 4 4 3 3 1 4 1 1 1 1 1 1 4 1 3 1 3 1 1 1 1 1 2 1 2 3 1 3 4 3 3 1 4 4 2 1 2 3 2 4 1 2 3 2 1 4.449099
1 3 1 1 4 4 4 3 1 3 2 4 4 4 1 2 1 1 3 2 1 1 1 4 1 1 4 3 4 1 4 4 4 2 3 2 1 3 4 4 2 1 3 3 2 4 2 2 4 3 3 1 2 1 1 4.320974
1 3 2 1 4 1 3 1 1 4 4 1 3 1 4 1 3 3 1 4 2 1 4 4 1 1 1 1 1 3 3 2 3 2 1 2 1 2 1 3 2 2 4 1 4 1 1 3 1 2 1 1 4 4 1 4.395887
4 4 4 4 1 3 1 1 3 2 3 3 3 4 4 1 4 2 1 1 4 1 2 3 4 4 2 4 2 1 4 2 4 2 1 1 2 4 1 3 1 2 4 1 1 4 4 1 2 1 3 3 1 1 1 4.338044
2 4 1 4 3 3 1 2 3 1 1 3 1 1 1 1 3 1 4 4 4 1 2 1 2 4 2 3 2 2 1 2 3 4 3 4 4 2 3 4 2 4 1 4 4 4 4 2 4 1 4 2 1 1 1 4.313229
1 4 3 2 1 1 3 1 4 3 2 1 2 3 2 2 2 4 2 1 4 1 4 3 2 4 2 1 1 2 1 4 3 1 4 4 1 1 1 1 1 1 1 2 3 4 3 2 3 4 4 2 1 4 1 4.123683
2 3 1 1 3 4 3 2 2 1 4 1 1 1 3 4 4 3 4 4 2 2 3 3 1 1 4 3 2 1 3 4 2 4 3 1 1 4 1 4 2 1 2 4 3 2 1 4 4 1 4 1 3 4 1 4.488910
1 4 3 3 3 2 4 1 3 2 4 1 4 2 1 4 1 1 1 2 2 2 2 4 2 1 3 4 2 2 1 3 1 1 1 2 2 1 4 2 4 1 2 1 4 1 1 1 3 1 4 1 1 1 1 4.372956
2 4 1 1 2 4 4 2 2 1 1 1 3 1 3 2 1 1 1 4 3 4 3 2 1 2 1 2 1 1 4 4 2 1 1 4 4 3 2 2 1 1 2 4 2 2 3 4 2 4 3 3 2 3 1 4.273734
4 4 1 4 4 1 4 4 4 3 2 1 3 4 4 4 1 2 2 4 4 4 2 1 4 1 1 2 1 3 4 4 4 4 2 1 3 4 2 3 2 3 2 1 3 1 1 4 4 1 4 1 1 2 1 4.337801
4 4 4 1 4 2 3 2 1 2 2 2 4 4 4 4 1 2 4 4 4 4 1 4 4 4 4 4 1 1 3 4 4 3 2 3 2 2 1 2 1 3 2 3 1 1 1 4 1 3 4 3 1 1 1 4.332395
3 3 3 4 3 3 1 4 4 3 2 4 4 1 4 4 2 4 4 4 4 1 4 2 4 1 4 4 4 3 2 2 2 4 4 2 3 3 4 4 3 3 1 4 4 1 1 2 2 2 4 4 3 4 1 4.277515
2 1 1 2 3 4 3 3 1 3 4 4 2 4 4 1 2 4 1 4 1 1 2 4 2 4 2 3 2 3 3 4 2 3 3 1 2 4 4 2 2 4 1 2 3 4 4 3 2 1 4 3 4 3 1 4.356106
4 2 3 3 4 3 3 3 4 4 1 3 3 3 1 2 1 4 1 2 2 2 3 3 2 1 2 4 3 1 3 2 3 4 4 1 4 1 2 3 4 4 3 2 2 1 4 2 2 3 2 4 3 2 1 4.259985
3 4 1 4 3 4 1 1 4 4 4 2 3 3 4 1 4 4 2 3 3 1 4 3 1 2 2 4 4 3 2 3 4 3 3 3 3 4 1 1 4 3 4 1 4 3 3 4 1 2 3 4 4 1 1 4.303908
4 3 2 3 1 1 3 3 4 3 3 3 4 4 1 1 2 4 3 4 1 2 3 4 1 2 1 4 3 3 3 2 4 3 1 4 2 1 4 3 3 3 3 3 4 1 3 1 4 4 3 4 2 4 1 4.130462
4 4 1 2 3 1 2 1 2 3 3 4 4 4 3 1 3 1 3 3 4 4 3 2 4 3 4 4 3 3 3 3 3 4 3 3 4 4 2 2 3 3 4 3 3 2 3 4 1 4 3 3 3 3 1 4.242565
3 1 2 4 1 3 3 4 3 4 2 3 4 1 1 3 4 2 4 3 2 2 4 3 2 1 3 3 4 4 2 3 3 1 3 1 3 3 3 3 2 4 3 4 3 2 4 1 2 3 3 4 1 3 1 4.222895
3 1 1 2 4 1 1 3 3 4 2 1 3 4 1 4 4 3 3 2 4 3 4 4 1 1 3 2 3 4 2 4 3 2 2 3 3 2 3 1 3 4 3 4 4 2 4 1 3 3 2 1 2 2 1 4.340157
2 3 3 4 3 1 1 4 1 2 3 4 2 1 2 1 4 1 4 3 3 1 1 1 3 4 3 1 2 1 1 4 1 1 1 2 4 3 3 2 2 3 4 3 4 2 4 3 3 2 2 4 3 4 1 4.257283
4 4 1 3 1 4 1 1 1 2 4 2 4 4 3 1 2 3 1 2 2 3 1 3 1 1 1 3 3 1 1 2 1 3 3 1 1 1 3 3 2 3 1 1 3 1 3 2 4 1 4 3 1 1 1 4.291497
1 1 2 2 4 2 1 3 4 3 3 3 2 1 4 3 3 1 4 1 4 3 1 4 4 2 1 4 3 1 1 1 3 3 3 4 2 3 3 3 1 2 3 1 3 3 1 2 2 1 3 3 1 3 1 4.304109
2 3 3 1 2 4 3 1 1 1 3 3 2 1 3 4 3 1 2 4 3 1 4 2 4 1 1 2 4 1 2 1 3 4 3 4 3 3 1 1 4 4 1 2 2 3 1 4 3 3 1 1 4 3 1 4.381515
4 3 3 2 1 4 1 1 3 4 1 4 4 2 2 3 3 1 1 2 1 2 4 1 2 2 2 3 1 1 2 3 1 4 4 3 3 3 1 2 1 4 1 1 4 2 4 3 1 4 1 1 3 4 1 4.339601
1 3 1 4 4 3 3 3 1 1 4 4 3 1 4 3 3 4 3 2 1 1 1 4 2 3 1 3 3 4 1 2 1 4 1 3 4 3 3 2 1 1 4 2 3 4 2 4 4 2 1 1 2 1 1 4.326021
1 4 1 3 2 3 1 1 3 3 1 3 1 4 4 1 4 2 1 3 3 2 4 3 2 4 4 2 4 4 2 4 3 2 4 4 4 2 2 2 1 3 3 2 2 2 1 1 3 2 3 1 2 2 1 4.200904
3 1 2 2 1 4 1 2 1 2 1 1 1 2 3 1 4 3 1 1 3 3 3 1 2 3 4 1 2 4 4 4 1 1 3 3 4 2 3 4 1 2 3 4 1 2 3 3 4 2 2 3 1 3 1 4.402530
2 1 1 2 1 4 4 2 1 3 2 3 2 1 3 3 2 2 1 2 2 4 1 4 3 1 4 2 3 2 3 4 3 2 2 1 1 1 2 4 3 3 3 3 1 4 4 1 2 2 4 2 4 4 1 4.497284
4 1 1 1 2 1 1 3 4 3 2 1 2 2 1 1 2 2 1 1 1 1 3 1 2 1 1 2 3 2 4 2 3 2 4 4 3 1 2 4 3 3 4 3 4 3 3 1 4 4 4 1 2 3 1 4.149439
4 1 1 2 1 2 1 4 1 2 1 3 4 1 3 1 2 1 4 3 3 4 4 4 4 1 3 4 1 1 3 3 3 4 2 4 1 1 1 2 4 2 2 1 4 1 4 1 1 2 4 4 3 3 1 4.540483
1 1 3 2 4 3 1 2 4 4 4 4 2 4 1 3 4 1 2 4 1 2 1 1 1 3 1 2 1 3 4 2 2 3 3 4 3 4 3 4 1 1 4 4 3 2 4 3 2 2 1 1 4 2 1 4.209831
3 2 1 2 1 2 4 2 2 4 1 1 1 1 3 1 3 1 2 1 4 3 3 4 4 2 2 1 1 2 1 3 1 2 4 1 1 2 4 1 4 4 4 4 1 2 1 4 4 1 1 1 1 2 1 4.536670
2 2 1 4 1 1 3 2 4 1 4 2 1 4 4 1 2 3 2 2 1 2 1 2 3 1 4 1 1 1 4 1 1 2 3 1 2 1 3 3 4 3 3 2 1 1 1 2 4 4 3 4 1 4 1 4.426426
2 4 2 1 4 1 1 1 1 1 4 1 2 1 2 4 2 3 3 4 1 1 1 1 4 2 2 4 3 1 4 1 3 1 2 2 4 3 4 1 2 3 3 2 3 2 3 2 1 4 1 2 1 4 1 4.309722
2 4 4 4 2 3 2 4 2 2 2 1 1 3 4 2 1 2 1 1 2 3 2 4 2 2 4 4 1 3 3 4 4 1 2 4 1 2 2 2 4 1 4 3 3 1 3 3 1 4 1 3 4 1 1 4.345763
1 4 1 4 3 1 2 1 3 4 1 3 4 1 1 4 1 2 1 4 3 3 4 1 4 1 2 3 2 3 1 1 1 4 2 4 4 3 2 3 1 3 1 1 3 1 3 1 4 4 4 2 2 1 1 4.183945
4 2 3 1 2 4 4 1 2 2 2 1 3 1 1 1 3 1 1 4 3 1 4 4 2 4 4 1 4 1 2 3 1 2 2 1 1 3 1 4 3 3 1 1 3 1 4 3 1 4 4 2 2 1 1 4.399622
1 4 1 3 1 4 4 1 2 1 3 4 2 2 4 3 3 3 4 1 3 1 3 4 4 3 1 1 1 4 4 1 1 4 4 1 1 3 2 1 2 1 4 4 3 3 2 1 1 4 4 3 2 3 1 4.356054
1 2 1 3 1 3 1 1 3 4 3 3 3 3 4 4 1 1 2 1 2 4 2 2 3 3 4 4 1 3 3 1 1 4 2 4 1 4 2 1 3 3 2 4 2 3 4 2 2 3 1 1 1 2 1 4.275994
1 4 3 1 2 3 2 3 3 3 2 1 3 1 1 3 1 4 3 2 1 3 2 3 3 1 3 1 4 1 1 1 2 2 3 2 3 2 4 3 3 4 3 1 2 4 1 1 3 4 2 4 3 4 1 4.284235
3 2 2 4 4 3 3 3 2 3 4 4 1 2 4 1 4 4 2 1 1 4 2 3 2 3 3 3 2 1 3 1 2 4 3 4 1 2 1 3 1 3 1 1 3 1 1 1 3 3 1 4 4 1 1 4.280080
3 3 3 1 3 4 1 4 4 4 4 1 1 1 2 3 1 2 2 1 2 2 3 4 2 2 1 1 3 4 4 4 3 1 1 2 3 4 4 4 4 1 3 4 4 3 1 2 3 4 4 3 3 3 1 4.327765
4 1 1 1 4 4 3 2 4 2 1 3 1 3 4 3 4 4 3 4 3 1 3 1 2 3 4 3 1 4 4 4 4 3 3 4 4 1 3 4 3 2 3 3 2 4 4 1 3 4 3 1 3 4 1 4.377262
2 4 1 1 3 1 4 3 3 3 4 3 1 2 3 3 4 4 2 2 3 2 3 3 4 3 3 4 1 4 3 3 3 1 3 3 3 3 1 1 2 3 1 3 2 3 4 1 1 2 1 2 4 4 1 4.124304
3 4 2 3 4 3 4 4 4 3 4 1 4 3 3 4 1 1 3 4 4 2 3 2 1 3 3 1 3 3 3 3 4 4 4 1 4 3 1 2 2 3 3 3 2 3 3 2 3 1 2 4 2 1 1 4.338142
2 1 1 3 4 4 1 3 2 1 3 3 2 3 2 1 1 1 4 4 2 1 2 1 4 3 2 2 3 3 3 3 4 1 4 2 4 2 2 2 3 4 4 4 1 1 4 3 1 3 4 4 1 3 1 4.320990
2 4 1 4 1 4 3 2 4 2 1 2 1 2 4 2 3 3 2 1 2 1 3 3 1 4 1 1 1 3 4 1 4 1 4 3 1 1 3 4 3 4 2 4 2 3 4 1 4 2 2 2 4 3 1 4.393083
1 2 3 3 3 2 2 1 4 3 2 4 1 1 4 1 4 3 4 4 1 1 1 1 1 2 3 3 3 3 3 3 1 1 1 4 3 4 2 3 4 1 3 2 1 4 2 3 2 2 4 4 1 4 1 4.146138
2 3 3 2 2 4 2 3 1 2 3 2 2 3 1 1 4 2 3 3 2 1 1 3 2 2 4 4 2 1 4 2 4 4 4 3 4 4 2 2 4 3 2 2 4 2 1 2 1 4 2 4 3 3 1 4.268387
2 2 4 4 4 1 3 1 3 2 2 2 4 2 1 4 2 3 3 1 1 1 2 2 3 4 3 1 1 1 2 4 4 1 2 1 3 2 2 1 3 3 1 2 1 2 3 1 3 4 4 2 1 3 1 4.365859
3 2 4 1 1 1 3 2 2 2 3 3 1 4 3 3 2 1 2 4 2 2 2 2 3 4 2 2 4 1 2 3 2 4 2 2 4 3 1 3 2 3 3 2 1 2 2 1 4 4 2 2 1 2 1 4.193609
4 3 3 1 1 1 3 4 3 2 1 3 1 4 2 4 3 3 2 4 3 1 1 4 1 3 3 1 2 1 1 1 4 3 1 1 2 2 1 3 1 1 1 2 2 2 4 2 1 2 4 1 4 1 1 4.169795
3 3 3 3 2 2 1 2 3 2 1 3 1 3 2 1 4 3 1 3 1 3 1 3 4 2 1 1 2 1 3 2 3 4 1 1 1 4 4 3 2 2 3 1 4 1 2 4 1 1 4 4 1 3 1 4.288473
3 3 3 1 1 1 4 1 3 4 4 1 4 2 2 4 4 4 2 3 1 4 2 2 3 4 3 4 4 3 1 2 1 4 4 3 2 4 4 3 2 1 2 3 4 4 4 4 1 4 4 1 3 2 1 4.384650
3 3 3 4 2 1 2 4 4 1 4 2 1 1 1 3 4 1 3 4 2 4 2 3 3 1 1 3 1 3 1 4 3 4 4 1 3 3 2 2 1 1 2 1 4 4 2 1 1 4 4 3 4 3 1 4.330700
1 1 4 3 3 3 4 4 4 4 3 4 1 3 1 3 4 3 4 3 4 3 2 1 4 3 1 4 4 3 2 2 3 1 1 1 1 4 1 2 4 1 4 4 2 1 1 2 4 2 3 2 4 2 1 4.377046
4 4 4 4 2 3 2 3 4 4 4 3 2 2 3 4 4 4 4 4 2 4 1 3 2 4 4 1 4 4 4 1 2 1 2 1 2 3 4 3 3 3 3 2 2 3 4 4 1 3 4 3 2 3 1 4.344189
3 4 2 1 4 2 3 1 1 2 1 4 3 2 4 4 4 4 4 1 1 2 1 3 4 2 2 1 2 3 3 1 4 3 2 1 1 4 4 1 4 4 3 3 2 4 1 3 4 2 1 1 4 3 1 4.419264
3 4 2 3 4 1 4 2 1 4 4 4 3 4 4 1 4 3 4 3 3 3 2 3 1 1 4 3 3 1 4 3 2 1 4 4 3 2 3 3 1 4 1 4 4 3 4 2 2 3 1 3 1 1 1 4.269113
2 2 4 3 1 1 1 2 3 3 4 2 1 4 2 2 4 1 2 1 3 2 3 2 3 3 1 4 2 1 4 4 3 1 3 4 3 1 1 3 3 3 4 2 1 3 2 3 4 4 1 4 1 3 1 4.219840
1 2 1 2 2 1 4 1 1 4 4 4 4 3 2 1 1 1 3 1 3 3 4 3 4 3 4 4 3 1 4 1 3 3 3 3 3 2 4 4 3 1 3 2 2 3 2 4 4 4 1 4 3 1 1 4.345268
1 4 1 2 3 1 4 3 3 1 3 3 2 2 4 3 3 4 1 4 4 4 2 3 4 3 1 4 2 2 2 4 1 4 3 4 3 3 3 2 2 3 1 3 1 3 2 3 3 1 1 3 4 4 1 4.144731
2 2 4 3 3 4 1 3 3 3 1 3 1 4 2 3 4 3 2 1 2 1 3 4 2 2 2 2 1 3 4 3 2 1 4 4 1 3 3 4 3 2 4 2 3 2 3 1 4 3 3 1 2 4 1 4.238234
4 4 2 2 2 3 3 1 1 4 4 3 4 3 4 3 3 3 3 2 1 4 3 3 4 4 4 1 3 1 3 3 4 3 1 1 3 4 1 2 1 1 4 1 1 1 3 3 3 4 3 2 2 4 1 4.111253
3 3 2 4 4 4 4 1 1 1 4 3 1 3 2 1 4 4 1 3 2 4 3 3 3 3 3 4 4 1 2 1 3 1 3 3 4 3 4 3 2 4 1 1 4 3 4 3 2 1 4 1 1 3 1 4.309408
3 3 2 4 2 1 4 1 4 1 4 2 2 4 2 1 3 2 1 1 1 3 3 3 1 4 3 3 3 1 2 4 4 1 4 3 1 2 1 3 1 4 1 4 4 4 4 4 3 4 4 2 2 1 1 4.316502
4 3 3 2 4 2 4 2 1 3 2 1 1 1 2 2 4 2 4 3 1 3 1 4 2 1 1 3 2 2 4 4 3 1 2 1 3 1 1 3 2 2 4 4 3 3 3 1 2 4 2 2 1 4 1 4.285936
1 4 4 3 1 4 3 4 4 4 4 3 1 4 4 2 4 1 3 4 3 4 2 1 4 3 1 1 1 1 2 3 1 4 4 1 2 1 4 3 2 2 3 3 4 3 2 1 3 2 4 2 2 1 1 4.422935
1 4 3 3 2 1 2 2 3 4 4 2 4 4 4 1 4 3 3 4 3 1 3 4 3 3 1 1 4 3 4 4 3 4 1 4 1 1 2 3 4 4 1 1 3 4 4 4 4 1 4 2 2 4 1 4.396537
4 3 2 1 2 1 4 4 2 2 3 4 1 4 4 3 4 1 3 4 3 3 4 4 1 2 4 4 4 2 3 4 1 2 1 3 1 3 2 4 2 4 3 4 3 1 3 4 1 1 4 1 3 2 1 4.280332
3 4 2 3 2 3 4 2 4 2 1 1 3 4 1 4 1 2 4 4 4 3 3 3 3 1 4 3 3 2 4 1 2 1 4 1 1 4 3 4 4 4 2 4 1 3 4 1 4 4 4 3 3 1 1 4.521670
1 1 1 2 4 4 4 1 4 4 3 4 2 2 3 4 4 1 4 1 2 1 3 1 4 3 4 2 2 1 4 1 1 1 4 3 1 2 1 1 4 4 1 3 1 3 3 3 3 4 2 1 3 4 1 4.414483
1 4 1 1 1 1 2 2 4 2 3 4 4 4 2 4 3 3 3 2 1 4 2 1 3 3 1 3 4 4 2 3 3 3 4 4 3 2 1 3 4 1 1 1 4 3 2 4 3 4 3 4 1 3 1 4.360266
1 2 3 3 4 1 4 4 1 3 4 4 2 1 1 4 3 1 4 4 4 1 1 2 2 3 4 3 3 3 3 2 1 2 1 4 4 4 1 4 3 4 1 3 1 1 2 2 3 1 1 1 1 1 1 4.295453
2 4 1 4 3 2 2 3 3 1 1 2 2 4 3 3 4 3 4 2 3 2 3 1 1 4 2 1 4 1 1 3 3 2 2 2 4 1 1 4 3 2 2 4 4 1 1 2 2 1 1 3 4 1 1 4.161694
1 4 1 3 1 1 2 3 2 4 1 1 4 2 3 2 1 2 2 4 4 4 2 4 1 2 1 1 2 2 2 2 3 1 4 1 1 1 3 4 1 1 1 2 2 2 3 2 1 3 4 3 1 4 1 4.318935
3 3 1 1 2 4 4 1 3 3 2 1 1 2 2 2 1 3 4 4 1 3 3 2 3 3 1 1 1 1 1 4 3 1 1 4 4 2 2 4 1 1 2 1 1 1 3 2 1 1 2 1 3 1 1 4.282403
2 2 2 3 2 2 2 1 3 4 1 1 2 4 2 1 1 1 4 3 4 4 4 1 1 2 2 3 1 2 1 1 4 3 2 2 2 3 4 4 1 4 4 2 3 4 4 2 2 1 4 1 1 3 1 4.278647
2 1 2 2 1 1 1 4 1 1 4 4 2 2 2 2 3 4 4 2 2 4 2 3 3 4 1 3 2 1 3 2 4 1 1 4 1 3 3 4 2 2 1 1 4 1 2 2 1 3 2 3 4 3 1 4.364765
3 2 2 2 2 1 4 2 2 1 4 4 3 4 2 1 4 1 3 4 3 1 4 2 4 4 1 2 2 4 2 2 1 1 3 2 2 1 4 4 4 2 4 1 1 2 4 3 1 4 4 1 1 2 1 4.424660
4 4 2 1 1 1 1 4 1 1 4 3 2 1 3 3 4 4 2 4 1 4 2 2 1 2 2 3 4 2 3 3 3 3 4 4 4 1 3 2 3 4 1 3 2 4 3 2 2 4 2 4 1 3 1 4.392613
3 1 1 3 3 4 4 1 4 3 1 1 3 4 3 4 3 3 2 3 3 4 2 4 4 2 3 3 4 1 2 3 1 4 2 4 4 2 4 3 4 1 4 3 2 1 1 2 4 4 3 2 1 4 1 4.323330
1 4 1 3 1 4 3 2 4 3 1 4 2 1 4 4 3 2 4 1 4 2 1 3 1 4 3 4 4 4 2 2 4 3 1 4 1 3 3 4 3 1 4 2 3 4 3 3 4 2 2 3 1 4 1 4.327615
4 4 2 1 3 1 4 4 3 3 1 1 4 3 4 4 2 4 3 1 2 3 3 4 1 3 3 2 1 1 3 2 4 3 1 2 4 2 2 1 4 1 3 4 3 4 1 2 4 4 1 1 1 3 1 4.441685
3 2 3 1 4 4 4 1 3 2 1 1 1 2 3 4 2 2 4 4 3 4 1 4 4 4 2 4 2 2 2 1 1 4 2 2 4 4 1 2 1 4 4 2 2 3 4 1 2 4 1 1 3 2 1 4.325986
4 2 3 4 2 1 1 1 4 4 3 4 3 1 4 3 1 2 3 3 3 2 4 4 3 4 1 3 2 3 1 2 2 1 4 4 1 4 1 4 2 3 3 1 4 4 4 1 4 2 1 1 4 4 1 4.538608
4 1 3 3 4 4 4 4 2 1 2 1 2 4 2 3 3 2 4 4 2 2 4 4 1 4 1 4 4 2 4 2 1 4 4 4 1 1 2 4 3 4 1 3 1 1 4 2 1 2 3 1 4 2 1 4.324168
4 4 4 3 3 2 2 2 3 4 1 1 2 2 2 2 4 3 2 4 1 2 4 1 1 2 3 4 4 2 4 2 3 3 2 2 3 2 4 2 3 1 4 2 1 4 1 2 3 4 2 2 4 3 1 4.389047
2 2 4 4 1 2 1 4 4 1 3 1 3 4 2 4 2 3 2 3 4 2 4 4 2 4 2 3 3 4 2 2 1 4 2 4 1 2 4 2 4 2 4 2 1 2 4 1 2 1 1 2 2 3 1 4.434227
4 4 1 4 4 1 4 4 2 1 3 4 3 3 2 4 4 2 4 1 3 1 4 1 2 1 2 4 1 4 2 1 1 2 3 1 4 3 4 2 1 2 3 2 3 2 4 2 2 2 2 4 2 4 1 4.368012
4 3 3 4 2 1 1 1 1 1 4 1 3 1 4 4 1 1 3 2 3 1 3 2 3 1 1 2 1 1 3 4 4 4 2 1 2 3 4 4 1 2 3 4 2 2 1 4 3 4 2 4 3 4 1 4.466632
4 4 2 1 1 2 1 4 4 4 1 1 4 3 4 1 1 4 3 3 3 4 1 1 4 1 4 3 1 1 3 2 4 2 4 4 2 2 4 4 2 2 3 1 3 1 1 4 1 2 3 2 1 1 1 4.364219
1 3 4 2 1 1 1 1 2 4 1 4 3 4 4 4 4 4 3 2 4 3 1 2 2 4 4 4 1 1 3 3 3 4 3 1 4 4 3 1 1 2 4 3 2 4 2 1 2 3 3 2 4 2 1 4.414013
2 3 3 2 1 4 4 1 1 4 1 4 3 2 2 1 1 4 3 3 4 1 3 1 3 4 2 3 4 1 3 4 1 1 1 3 4 3 2 3 1 3 3 1 3 2 2 4 1 2 4 4 4 2 1 4.366405
1 1 1 4 4 4 1 3 1 4 3 2 3 4 1 3 2 1 3 2 4 1 1 4 2 1 1 1 4 2 2 3 4 4 4 4 1 4 2 1 4 4 2 4 3 1 3 1 1 3 1 4 1 4 1 4.212225
2 1 3 3 1 2 3 4 1 4 4 3 4 3 4 1 2 4 1 4 2 1 4 1 3 3 2 2 3 3 1 2 3 2 3 1 4 1 1 3 3 3 3 4 2 1 1 3 1 2 1 4 4 4 1 4.345301
3 3 4 3 3 2 2 2 3 1 1 2 3 4 2 1 1 1 1 2 4 4 2 4 3 3 1 4 1 2 2 4 3 1 3 2 4 2 2 1 2 3 3 1 3 1 1 1 2 2 2 1 4 2 1 4.033580
1 4 1 1 4 3 2 3 3 1 1 4 4 3 4 4 4 4 4 1 3 2 4 1 4 4 3 1 3 4 2 2 3 1 1 1 2 2 1 3 1 2 1 3 2 3 4 1 2 2 3 1 1 3 1 4.316518
1 1 1 4 1 1 4 4 1 4 2 2 3 3 3 1 2 2 1 1 4 4 2 3 3 3 3 3 3 4 2 1 3 1 2 2 4 4 4 1 3 2 2 4 2 4 4 1 2 2 3 1 4 2 1 4.390264
3 3 1 1 4 2 4 2 1 4 2 3 1 2 1 1 2 4 4 1 3 4 4 3 4 4 2 2 2 2 1 3 1 2 2 1 2 1 2 2 2 2 1 4 1 3 2 1 1 4 1 1 1 1 1 4.368144
1 3 2 4 4 1 1 1 1 2 4 1 2 1 1 3 2 4 1 1 1 2 1 2 4 3 3 1 1 2 1 2 4 1 2 4 4 2 1 1 2 2 4 3 1 1 3 2 2 1 2 2 3 4 1 4.369208
1 4 4 1 1 2 2 4 2 1 4 2 1 1 1 1 4 1 1 3 4 4 3 1 1 1 4 2 2 1 3 2 4 2 1 1 3 2 2 4 2 2 1 1 2 3 2 2 2 4 3 4 4 2 1 4.344698
1 1 2 4 1 1 1 1 2 1 4 1 3 2 4 1 4 1 1 1 1 2 3 1 3 2 1 3 2 1 3 3 3 4 1 3 2 1 3 4 2 2 4 1 2 4 3 1 2 2 1 2 3 2 1 4.372763
1 3 2 2 1 2 2 1 1 3 1 1 1 3 4 1 1 1 4 1 4 2 4 2 2 1 1 1 4 2 1 2 1 1 1 3 4 2 2 1 4 3 2 2 1 1 1 2 2 2 4 1 4 2 1 4.373797
1 1 1 3 1 4 1 2 4 1 3 2 2 2 1 3 4 4 3 2 4 2 1 2 4 1 2 2 1 2 2 1 1 1 3 4 2 4 2 1 2 3 1 1 1 1 1 1 4 2 3 1 3 3 1 4.296450
2 2 1 1 3 1 1 3 1 1 3 4 2 1 1 4 2 3 1 2 2 1 1 3 2 2 1 2 1 2 2 4 3 1 4 4 4 4 4 3 2 3 4 3 4 2 2 1 4 2 1 1 2 2 1 4.388370
2 2 1 4 2 2 1 3 1 2 3 4 1 2 1 1 2 4 2 1 4 1 2 4 1 2 2 2 2 4 2 1 1 2 1 3 2 2 1 4 3 4 1 1 1 2 3 4 1 4 1 1 2 3 1 4.410380
1 1 4 4 4 4 2 2 2 2 4 3 3 1 4 1 4 2 1 4 1 3 1 1 2 2 4 2 4 3 1 2 2 2 1 4 1 1 3 2 4 4 3 1 2 4 2 1 2 2 2 4 4 2 1 4.369947
1 4 3 2 2 2 1 4 2 1 2 4 1 4 2 4 1 3 3 3 2 2 3 4 1 4 2 4 3 2 1 1 1 2 3 1 4 3 3 2 3 2 2 4 2 4 1 4 2 1 1 3 2 4 1 4.241125
3 1 2 2 1 4 3 2 1 4 4 4 4 1 2 1 2 4 1 3 2 2 4 3 3 2 4 2 4 3 4 4 4 4 2 1 1 1 2 3 2 3 1 4 4 3 4 3 3 1 2 1 1 2 1 4.322781
3 3 4 2 1 3 2 3 2 2 1 1 4 4 1 1 3 4 2 4 1 1 4 3 1 1 3 2 4 2 4 4 4 4 4 2 3 3 2 4 2 4 4 4 1 4 4 4 3 1 4 3 2 2 1 4.246587
3 2 1 2 1 3 3 3 2 4 4 2 4 2 4 2 1 4 3 2 4 2 1 3 1 1 3 4 2 1 2 4 3 4 1 2 1 3 4 1 1 4 3 1 2 4 4 4 2 1 4 4 4 2 1 4.369027
3 2 4 1 2 1 1 2 4 4 4 2 2 4 2 2 3 1 3 3 4 2 1 4 4 2 3 4 3 1 2 4 4 2 2 2 2 4 1 4 2 4 4 3 3 2 4 4 3 2 1 4 3 1 1 4.424369
3 2 2 3 3 2 4 2 1 4 2 2 1 4 1 1 1 2 1 3 4 3 2 1 3 4 3 3 2 1 2 4 4 3 1 1 3 2 4 2 4 1 3 4 3 2 4 4 3 2 2 4 2 4 1 4.266209
1 3 3 4 2 4 3 4 2 1 1 1 4 3 4 1 2 2 1 2 2 1 3 3 2 3 4 3 2 4 1 1 4 4 2 2 2 3 2 2 1 1 3 3 4 3 4 1 2 4 1 2 2 2 1 4.432145
2 4 1 4 3 4 1 1 1 1 2 3 3 4 4 4 2 1 3 2 4 3 1 3 1 2 2 3 3 1 1 3 3 1 2 2 3 2 2 4 2 2 1 3 3 1 3 3 4 2 1 2 1 2 1 4.461164
4 2 1 1 1 2 2 3 1 2 1 2 1 3 3 2 4 4 4 4 3 1 3 4 1 1 2 4 1 1 1 2 2 2 2 3 4 4 1 2 2 1 2 2 3 1 1 2 2 4 1 3 4 1 1 4.214470
2 4 1 3 4 3 1 1 1 2 2 1 4 4 2 2 3 4 3 3 1 1 1 2 3 4 4 2 1 1 1 3 2 4 4 2 2 2 3 1 4 2 3 1 3 3 4 3 1 4 2 4 3 1 1 4.353564
1 1 3 1 4 3 4 4 3 3 1 1 1 2 2 2 3 1 1 2 2 2 4 1 4 2 2 4 2 1 3 2 3 2 3 4 1 3 1 1 3 1 3 3 4 4 1 1 2 2 3 2 4 1 1 4.248007
3 4 2 2 2 4 1 3 2 3 2 4 2 4 2 4 3 1 1 2 2 4 3 1 4 1 1 2 3 3 2 2 1 4 2 1 1 1 4 3 2 2 3 4 1 4 2 4 4 3 1 1 2 4 1 4.242106
3 4 4 3 2 1 3 3 2 2 2 3 2 4 2 1 4 1 2 3 3 1 4 4 1 1 3 2 4 2 3 4 1 4 4 1 4 1 1 1 1 4 1 2 1 2 1 1 4 3 2 3 1 1 1 4.228394
4 3 1 4 4 1 1 3 2 1 1 4 1 2 4 1 2 1 4 1 3 3 3 3 1 2 2 1 1 3 4 4 1 1 1 2 3 1 4 1 2 4 1 1 2 3 4 1 3 3 4 2 2 4 1 4.329978
1 4 1 3 1 1 4 1 2 2 1 3 2 1 3 4 1 4 4 3 3 1 2 1 1 3 1 1 1 1 1 1 2 3 3 3 4 1 1 2 4 2 3 1 3 4 4 4 4 3 1 2 1 1 1 4.440877
3 2 1 1 4 3 2 1 2 1 4 4 1 1 1 2 3 1 3 4 1 3 4 1 4 1 3 4 1 3 4 1 2 4 2 2 3 1 1 1 4 2 4 2 1 1 4 1 4 4 4 1 4 1 1 4.312184
3 4 1 1 1 4 1 1 4 4 2 3 2 1 1 2 3 2 3 4 3 2 2 3 2 1 3 3 3 1 1 1 4 3 1 3 1 1 1 3 4 1 3 1 1 1 2 1 2 1 4 1 4 2 1 4.345728
2 2 2 2 2 2 1 4 2 2 1 3 3 2 1 2 4 2 2 1 4 1 3 3 2 3 3 3 4 2 2 2 3 1 2 2 3 2 4 2 2 1 3 3 3 1 4 3 4 1 4 1 1 3 1 4.305672
2 4 1 2 1 3 1 2 4 1 4 2 1 1 2 2 4 2 2 1 3 1 2 1 1 3 1 2 1 3 1 1 1 3 4 2 3 4 4 3 4 1 1 3 2 2 4 1 4 3 1 2 3 4 1 4.329513
1 2 2 3 1 4 2 2 2 4 4 3 1 3 2 2 3 1 2 1 4 1 2 4 1 2 1 2 2 2 1 3 4 2 3 4 3 1 2 3 4 3 1 1 2 1 1 2 3 3 3 4 3 1 1 4.218702
2 2 4 3 3 4 2 1 2 3 2 2 4 1 2 1 1 4 2 2 2 1 2 2 1 4 2 1 1 3 4 1 3 4 3 2 3 3 3 3 2 4 1 4 3 4 2 4 2 4 3 2 4 4 1 4.201776
1 3 4 2 2 1 1 1 2 3 4 4 1 4 3 4 1 3 2 2 4 3 1 1 4 3 3 1 4 2 4 1 1 3 1 2 4 2 2 4 4 4 4 3 1 3 2 2 2 2 3 2 1 2 1 4.389292
3 1 2 1 1 1 3 4 2 2 3 4 1 4 4 2 2 3 4 3 4 2 2 4 3 1 1 2 1 4 2 3 3 4 4 4 2 3 4 2 2 4 2 2 4 3 2 1 3 4 2 3 3 2 1 4.247919
4 4 1 2 1 1 1 2 3 2 3 4 3 4 1 3 4 4 2 2 1 4 2 1 1 2 3 4 3 4 2 4 2 1 3 4 2 3 1 3 4 4 2 4 1 2 1 3 1 2 2 4 1 2 1 4.455118
4 3 3 2 3 3 2 1 3 2 1 3 4 1 2 1 1 2 4 2 4 1 3 2 3 1 1 2 1 4 2 4 1 4 1 4 3 1 2 3 3 2 4 2 3 4 4 2 3 1 4 1 2 1 1 4.175596
2 2 3 1 2 4 2 2 3 1 1 2 2 1 3 2 4 4 3 4 2 3 3 3 2 4 2 2 1 3 1 1 2 1 1 4 1 1 4 1 1 1 1 4 2 3 1 1 2 2 2 2 2 2 1 4.254299
3 1 2 3 1 1 2 2 4 4 1 2 2 4 2 2 1 1 2 3 2 2 2 1 1 3 2 1 1 4 2 1 3 3 1 1 2 3 4 2 2 2 3 2 4 3 2 1 1 4 1 1 2 4 1 4.422150
2 3 1 1 2 1 4 1 1 4 1 2 3 2 1 4 1 2 2 1 1 3 2 4 3 2 2 1 1 2 4 1 2 1 2 2 3 3 3 4 2 2 2 4 2 2 1 1 1 2 4 2 1 2 1 4.332852
3 2 2 4 3 3 3 4 2 1 4 4 3 2 3 1 3 4 1 2 4 2 3 2 1 3 3 2 3 1 1 1 4 1 2 3 1 3 1 1 3 3 4 2 3 4 4 4 4 1 4 3 1 4 1 4.252715
3 2 1 3 2 4 3 4 2 4 1 3 3 4 1 3 1 1 2 2 2 2 3 1 4 3 3 4 1 4 2 1 3 2 2 1 4 1 1 1 3 4 2 3 1 2 2 2 3 4 4 4 1 4 1 4.143123
1 3 1 4 2 3 1 3 4 4 2 4 4 1 4 3 4 1 1 1 1 3 1 1 1 4 2 3 1 1 1 2 3 1 4 1 2 3 4 2 2 2 2 4 3 2 3 4 4 2 4 1 4 4 1 4.403740
1 1 2 2 1 3 3 4 4 4 1 2 3 4 3 1 2 4 1 1 1 1 3 1 1 4 4 3 4 4 2 1 1 2 1 4 1 1 4 1 2 2 4 1 1 4 2 3 4 3 2 1 2 2 1 4.388799
4 2 3 3 3 4 1 3 1 2 4 1 2 1 3 1 3 2 2 2 2 2 1 3 1 2 1 1 2 1 4 3 4 2 4 4 1 1 1 1 2 3 2 2 3 4 1 3 1 4 2 4 4 3 1 4.305264
2 2 2 2 3 1 2 4 3 3 1 3 1 2 2 3 3 1 2 4 1 4 4 3 2 2 2 3 2 2 3 1 1 3 1 1 2 3 4 3 1 4 2 2 2 3 1 1 3 1 4 4 2 3 1 4.310539
2 2 4 3 2 2 1 2 2 2 4 4 1 2 2 2 2 3 3 2 3 3 4 3 3 3 3 2 4 2 2 4 2 2 2 4 3 3 2 1 2 2 2 2 3 1 3 2 4 4 3 2 1 1 1 4.365656
2 2 2 3 3 3 3 4 3 3 2 3 4 2 2 4 3 4 2 4 3 4 2 3 2 4 1 2 4 3 3 1 1 3 4 2 4 1 3 4 1 4 2 2 1 4 4 3 1 2 2 3 4 2 1 4.195721
4 4 4 2 3 2 2 1 3 1 3 3 2 2 4 2 1 2 3 2 2 2 3 4 3 1 3 2 1 2 4 4 4 1 1 2 3 2 1 2 2 2 2 4 3 3 2 3 3 4 3 4 3 3 1 4.169040
2 4 4 4 2 3 4 1 2 2 3 1 3 3 3 3 3 2 2 3 4 3 4 1 2 4 3 3 2 2 4 2 1 1 2 2 3 2 3 2 2 3 4 2 3 2 2 2 1 4 3 1 4 2 1 4.349918
3 4 1 1 2 3 3 2 2 2 3 4 4 1 2 4 2 4 2 1 4 3 2 3 2 1 1 1 3 4 3 3 3 2 3 3 2 4 2 2 2 3 4 4 2 2 2 1 3 3 4 3 2 3 1 4.254047
3 2 4 1 3 2 4 4 4 4 3 4 3 1 2 2 2 2 1 4 4 3 1 2 2 2 4 3 3 3 1 2 1 2 2 1 3 1 4 4 3 3 1 3 3 1 3 4 4 1 3 3 4 2 1 4.174004
4 1 2 1 2 1 1 4 1 4 4 1 2 4 2 2 1 3 2 1 3 1 4 3 4 3 3 3 2 2 4 2 1 1 3 1 2 1 3 2 4 3 2 4 2 4 2 2 3 4 1 1 1 4 1 4.450971
2 3 2 1 1 2 4 4 1 3 3 4 3 4 1 3 1 1 4 2 4 4 4 1 2 1 4 2 1 4 3 1 3 1 3 2 3 2 4 4 4 3 2 3 1 2 4 3 2 2 1 2 4 2 1 4.289810
2 1 1 2 1 1 4 1 1 3 3 2 1 3 3 1 4 3 4 3 4 2 4 3 1 1 2 1 4 1 3 2 2 4 1 2 1 1 4 2 4 3 2 4 3 1 3 2 2 1 1 2 2 4 1 4.416366
2 3 1 2 4 1 1 2 2 1 1 4 2 3 1 1 4 4 1 2 1 2 3 2 1 3 1 4 1 4 3 2 1 4 1 3 4 4 2 2 3 3 2 2 4 3 2 4 3 2 2 1 3 1 1 4.407340
1 1 4 1 1 4 1 1 3 2 4 3 1 2 1 1 2 2 2 2 4 3 1 3 1 2 2 1 2 2 4 4 1 1 3 3 2 2 4 4 2 3 1 3 2 1 3 4 1 1 4 2 1 4 1 4.329080
1 1 4 4 1 1 2 2 1 2 4 2 3 2 1 3 1 2 3 2 2 1 2 1 2 2 1 4 1 4 1 4 2 2 2 1 3 2 1 4 3 3 1 1 4 2 3 3 4 4 2 3 2 2 1 4.516811
2 4 3 2 3 2 4 3 3 4 2 1 4 3 3 4 2 3 1 4 3 3 3 2 4 4 2 3 4 1 3 1 1 4 3 4 4 3 4 1 1 4 4 4 2 3 4 3 1 1 4 3 4 4 1 4.134228
2 4 4 1 4 2 4 4 1 3 4 4 2 1 3 4 3 4 2 2 3 3 3 3 3 4 3 4 2 1 4 4 1 3 1 1 1 2 4 1 4 2 3 4 1 1 1 3 4 3 1 4 3 3 1 4.348189
4 4 4 4 2 3 3 4 4 2 4 1 2 2 3 4 2 2 2 3 1 1 1 4 4 4 4 1 4 4 1 4 1 1 4 3 2 2 2 4 2 3 4 1 2 1 1 3 1 4 4 1 1 3 1 4.328031
3 3 4 3 2 4 3 3 2 3 2 3 2 2 3 2 2 4 4 3 1 3 4 3 2 1 2 3 1 3 3 4 4 4 4 3 4 4 3 2 1 3 2 3 2 3 1 2 3 2 2 2 2 3 1 4.085333
2 3 3 2 3 1 1 1 2 3 2 2 2 4 3 2 2 1 3 4 2 3 2 3 4 2 4 1 4 3 1 3 4 4 3 2 2 4 1 3 4 2 2 1 1 3 3 2 3 2 3 4 3 1 1 4.136556
2 3 3 1 1 2 3 2 3 1 1 4 2 2 4 3 2 1 1 2 4 3 4 3 4 2 2 3 2 1 3 2 2 4 1 3 2 3 3 4 1 2 3 1 3 3 2 4 3 4 4 1 4 3 1 4.381198
3 4 4 3 1 1 1 2 4 1 1 3 3 4 3 2 2 2 2 3 2 3 2 2 4 3 2 2 3 2 2 1 1 2 2 3 3 1 1 3 4 2 3 4 1 2 4 3 2 4 3 3 1 1 1 4.359887
3 3 3 1 3 3 4 1 1 2 2 2 4 4 3 3 2 3 3 2 3 3 1 1 4 2 3 1 2 3 4 4 3 4 1 4 2 4 4 2 1 1 3 2 1 1 2 4 3 4 2 1 2 2 1 4.177781
3 4 3 1 4 1 1 3 4 4 3 1 1 3 3 3 4 4 4 3 2 2 4 2 3 4 4 4 4 2 4 2 2 3 4 2 3 1 2 3 2 1 1 3 3 2 2 1 3 3 4 3 1 2 1 4.242085
3 1 4 2 4 3 1 3 4 1 4 2 2 4 1 4 2 2 4 1 1 1 3 2 3 1 3 4 4 4 4 2 1 2 3 3 4 2 1 2 3 2 3 3 2 2 1 4 1 4 4 3 4 4 1 4.275009
4 1 1 4 4 2 3 1 2 4 2 2 3 3 4 3 4 4 3 4 2 1 4 1 3 4 3 4 2 2 4 3 3 1 1 3 1 2 2 3 4 1 1 1 3 2 2 2 4 2 3 4 1 2 1 4.346435
4 3 3 2 4 1 2 3 1 1 2 3 1 1 3 3 3 2 4 1 4 1 4 2 2 4 4 3 3 1 4 1 4 2 3 3 4 3 4 2 2 3 3 3 4 4 2 2 2 1 3 1 2 1 1 4.155523
3 2 1 1 1 2 3 3 3 3 3 3 3 3 1 3 4 3 1 4 3 2 4 4 3 1 2 2 4 2 2 1 2 3 1 2 4 4 2 2 1 3 4 4 2 1 2 3 1 4 2 2 2 4 1 4.240515
4 2 4 2 3 4 1 2 4 3 2 2 3 4 2 3 3 2 2 1 4 3 2 1 1 4 2 1 3 4 3 2 3 2 2 3 4 3 3 1 1 4 3 2 4 3 3 1 3 3 4 2 3 3 1 4.355883
1 2 2 1 2 1 2 1 1 1 4 1 4 4 4 4 4 3 1 1 2 2 2 2 2 2 3 2 4 3 4 4 1 3 3 1 1 1 1 2 3 4 2 3 1 2 3 2 3 2 2 2 4 3 1 4.428635
4 1 1 3 2 2 2 4 2 4 3 2 1 1 3 2 1 1 1 1 3 4 1 2 4 4 4 4 2 3 1 1 3 3 1 1 1 2 4 2 1 4 2 1 2 2 2 2 1 3 2 2 3 1 1 4.339825
2 1 2 3 1 1 2 1 4 4 3 3 2 2 1 4 4 2 4 1 2 4 1 2 2 4 4 1 1 3 2 1 1 4 2 4 3 2 2 2 1 4 1 2 2 1 3 1 2 1 3 2 4 2 1 4.423518
2 3 4 1 3 3 3 3 4 2 1 1 4 4 1 3 2 4 2 4 3 4 1 2 3 2 1 4 4 4 4 3 2 2 2 2 4 3 1 3 2 4 4 4 2 3 2 3 1 1 2 4 3 3 1 4.255183
3 1 3 4 4 2 4 4 3 3 4 4 1 4 3 3 2 3 3 4 1 3 1 3 1 3 3 3 4 3 4 3 4 4 4 3 2 4 3 2 3 1 2 2 4 4 4 1 3 2 1 3 4 4 1 4.331830
4 4 2 1 3 1 4 4 4 4 3 3 4 2 4 2 3 2 2 4 2 3 3 3 1 4 3 2 3 1 2 3 2 3 1 2 2 1 4 1 4 4 3 4 1 2 2 3 1 1 4 4 4 1 1 4.328664
3 1 3 2 4 2 2 4 3 3 1 2 4 4 3 2 4 1 4 4 4 4 1 4 2 3 4 3 4 1 2 4 4 1 3 1 3 3 3 4 2 3 3 2 1 1 3 4 4 4 1 2 1 2 1 4.194170
4 3 2 3 4 3 4 1 2 3 1 2 2 4 2 2 1 4 4 2 3 1 3 3 3 2 2 2 3 4 2 3 4 4 4 4 3 1 2 1 3 4 2 1 1 3 2 2 4 2 4 3 3 4 1 4.136026
2 3 2 3 2 1 3 3 1 3 4 3 3 3 4 2 1 4 3 4 1 2 2 4 3 4 3 4 3 4 4 4 2 4 2 1 2 2 4 4 4 4 4 4 4 1 3 4 2 3 4 2 3 4 1 4.381773
3 2 4 4 4 1 4 3 3 4 3 4 2 3 2 3 4 3 3 1 2 4 2 1 4 1 2 1 2 2 4 1 3 2 1 4 1 4 1 4 3 3 3 1 2 1 2 1 3 4 1 3 2 4 1 4.361178
3 3 1 2 2 4 2 4 4 2 2 3 4 1 2 4 3 1 4 1 3 4 1 3 1 1 3 4 3 3 1 4 2 3 3 4 1 2 2 1 1 4 4 3 2 4 1 3 2 2 3 4 3 2 1 4.154466
2 4 3 4 3 2 3 1 4 1 2 1 4 4 1 3 4 3 4 4 4 1 3 2 1 2 1 3 3 1 3 2 4 4 3 3 3 4 2 3 4 2 3 3 3 2 3 1 1 1 2 1 2 4 1 4.208080
1 4 3 3 3 1 4 1 2 2 3 4 2 3 3 4 2 3 2 4 2 1 1 2 4 4 2 1 2 2 4 3 4 1 4 1 3 4 4 4 1 2 4 4 1 4 1 2 3 1 3 4 1 3 1 4.344330
3 2 1 3 4 1 4 4 2 1 4 2 1 1 4 3 2 2 1 2 2 2 4 4 1 3 2 4 4 3 1 1 2 1 1 3 3 2 3 3 4 2 4 2 1 3 2 2 4 3 4 3 3 4 1 4.571576
4 1 2 2 3 3 2 3 4 1 2 1 2 1 2 2 1 3 4 3 1 3 1 1 4 4 4 2 2 4 1 4 1 1 1 1 2 2 3 1 3 2 1 4 1 2 4 4 2 3 1 4 4 2 1 4.070851
1 1 1 2 4 1 2 1 2 4 4 3 1 2 3 2 4 2 1 2 1 2 4 1 2 3 4 3 3 2 1 2 2 2 4 4 1 1 2 4 3 4 2 2 3 1 2 4 3 2 3 2 4 3 1 4.261992
3 2 4 1 2 4 4 4 2 2 2 3 1 1 3 2 4 1 1 1 2 2 2 2 3 1 4 3 4 3 4 3 1 4 1 4 1 3 2 3 2 4 1 2 1 4 3 2 4 1 1 4 1 4 1 4.352329
2 1 1 1 2 4 2 1 2 2 2 2 4 2 4 4 3 4 2 2 3 2 1 4 3 3 2 1 2 1 1 3 2 2 1 1 4 1 3 1 2 4 3 3 2 1 1 3 2 2 3 4 2 4 1 4.293261
1 3 4 2 2 3 1 1 4 2 3 4 4 2 3 3 4 4 4 3 1 2 1 4 3 4 3 3 2 2 3 4 1 2 3 3 4 2 4 4 3 3 4 2 1 4 1 1 4 4 2 4 1 4 1 4.279397
3 3 2 4 1 3 4 2 1 4 1 3 1 2 2 4 2 4 2 4 4 4 1 3 1 3 2 2 2 4 2 4 3 3 3 4 4 4 4 3 3 4 4 3 2 3 2 4 2 1 2 2 3 3 1 4.320509
2 1 1 4 3 4 2 4 3 4 4 3 2 4 3 4 4 4 3 4 2 4 1 3 2 4 1 2 2 2 4 3 2 4 1 3 3 4 4 3 2 2 3 2 4 1 3 3 4 3 4 2 3 2 1 4.254653
4 2 4 4 4 4 2 4 4 2 3 3 3 4 4 3 4 3 3 4 4 4 3 4 4 4 1 3 1 1 3 1 3 3 4 3 2 3 3 2 2 1 3 2 1 4 3 2 2 3 3 4 4 2 1 4.222042
4 4 1 3 2 3 2 3 3 4 1 3 3 2 4 1 2 3 4 4 3 4 1 4 4 1 1 4 1 1 1 4 1 2 4 4 3 2 1 1 4 4 1 1 4 1 3 2 1 3 2 2 1 4 1 4.162508
3 3 1 4 3 3 2 2 4 3 4 4 1 2 4 4 2 2 4 3 1 4 2 3 4 1 3 3 2 2 1 1 2 2 3 1 1 1 4 2 4 2 4 4 1 2 1 2 2 2 1 2 1 4 1 4.272705
1 3 1 1 3 2 2 4 3 3 4 1 4 2 1 2 2 1 4 3 4 2 4 4 3 4 1 1 1 2 4 2 2 3 1 3 2 1 1 3 4 1 4 3 3 3 2 4 2 2 1 3 4 2 1 4.166511
2 2 3 1 3 4 2 3 3 1 1 4 2 3 1 3 1 2 4 3 2 2 3 4 3 2 1 4 1 2 3 4 2 1 1 3 2 4 1 2 2 2 2 3 2 4 1 3 4 3 2 2 3 2 1 4.341229
4 4 4 2 3 1 1 2 2 3 3 2 4 1 2 4 1 4 4 3 2 3 4 4 4 4 1 2 1 3 1 2 3 1 1 1 4 4 3 4 4 3 4 1 4 4 2 2 3 1 4 2 4 3 1 4.379224
2 3 3 1 1 1 3 3 2 3 4 4 3 4 1 2 1 4 2 1 4 2 2 4 4 2 2 1 2 3 1 2 3 4 4 4 4 2 4 3 4 3 2 3 3 2 4 4 1 2 4 4 3 4 1 4.375574
1 1 2 3 1 1 2 2 4 3 4 4 2 4 3 1 3 4 3 3 3 4 4 3 4 4 2 2 2 4 3 2 3 4 3 3 2 4 4 3 4 3 4 2 2 4 2 4 2 1 4 4 2 4 1 4.358615
2 2 3 2 4 2 4 4 3 4 4 3 2 4 1 3 4 2 3 2 4 2 3 4 4 3 1 1 1 4 2 2 4 3 3 1 4 3 4 4 3 2 2 2 4 1 4 4 3 3 1 4 3 3 1 4.315832
1 4 3 3 4 1 4 1 2 2 2 2 2 3 4 4 1 4 1 3 4 2 4 3 3 3 2 3 3 3 3 1 3 2 1 1 3 4 3 4 4 3 1 3 2 2 1 1 2 2 2 4 4 3 1 4.410374
4 3 4 1 4 1 2 2 4 3 4 4 1 3 4 2 1 4 4 4 3 3 1 3 4 1 2 2 1 2 3 2 3 3 4 4 2 2 1 3 2 3 1 3 3 2 3 1 2 3 4 4 3 1 1 4.243313
3 4 3 3 3 1 1 1 4 4 2 2 4 4 4 1 2 4 1 2 1 3 1 1 1 2 2 1 2 3 3 3 3 4 1 3 2 4 2 3 4 4 3 4 4 3 2 3 3 2 2 3 2 3 1 4.276372
3 4 3 2 2 3 3 1 4 4 2 3 4 4 3 1 2 2 4 4 2 1 3 3 3 4 3 4 1 2 1 3 1 3 2 3 3 1 2 4 3 4 3 3 3 4 4 2 4 4 1 2 4 2 1 4.333605
3 1 1 2 2 1 3 3 2 1 2 2 1 4 2 1 2 3 1 4 4 2 4 4 1 3 4 1 2 1 2 1 2 4 3 3 1 4 4 3 1 2 1 3 2 2 4 1 2 2 2 1 2 2 1 4.417866
1 2 1 1 1 2 2 1 3 2 4 2 2 1 3 1 4 2 3 3 1 4 1 1 2 2 1 1 2 3 3 4 2 1 1 1 4 2 3 2 2 3 1 4 4 1 2 2 3 3 3 1 4 4 1 4.275804
4 4 3 2 1 1 2 3 3 4 4 4 4 3 2 4 4 4 1 2 3 1 2 2 3 3 1 2 4 3 4 3 2 4 3 2 4 2 2 2 3 1 2 3 4 4 1 4 3 1 1 1 4 4 1 4.421124
3 1 4 3 2 2 3 2 1 4 4 4 4 2 2 4 3 4 2 2 3 4 2 2 2 2 2 2 4 1 1 3 1 1 4 2 2 4 1 3 4 4 2 1 4 4 1 2 3 2 1 4 2 1 1 4.267864
2 2 2 1 2 2 2 2 3 2 4 4 3 3 2 2 2 3 1 3 2 1 3 1 4 3 2 3 4 4 2 3 2 1 1 3 1 1 4 4 3 4 3 1 2 4 2 2 3 1 3 2 3 1 1 4.282363
1 2 2 4 2 2 1 1 3 3 2 3 3 2 3 2 1 3 4 3 1 2 1 2 4 2 3 3 2 2 2 3 4 3 2 4 2 2 2 2 2 3 3 2 3 2 1 2 2 4 4 1 2 3 1 4.211115
3 4 3 2 1 2 1 3 1 2 3 2 1 2 1 2 2 2 2 3 2 2 1 2 1 2 4 1 2 2 3 3 4 1 1 4 2 2 2 4 2 3 4 3 2 4 1 4 4 3 4 2 4 1 1 4.412868
4 2 3 1 2 2 2 3 3 1 1 3 3 3 2 2 3 2 4 1 1 1 1 2 3 3 3 2 2 2 1 1 1 2 1 4 4 1 2 2 1 3 4 3 1 4 4 2 2 1 3 4 2 3 1 4.202461
3 1 3 2 2 1 3 3 1 2 2 4 1 4 3 3 2 4 3 1 1 3 2 2 2 3 4 2 4 3 4 1 3 1 1 1 3 4 4 3 4 1 2 1 2 2 2 2 3 1 3 4 4 2 1 4.144559
1 2 1 1 3 1 3 2 4 1 3 4 4 1 3 1 1 3 4 4 4 4 2 3 3 3 2 2 2 3 1 2 1 4 2 3 1 1 4 3 1 1 4 3 2 4 2 4 3 4 4 2 3 4 1 4.319104
3 1 3 1 3 2 1 3 2 4 3 1 3 1 1 4 3 4 1 3 2 3 4 2 3 1 2 1 2 3 1 4 2 4 4 4 3 1 2 4 4 1 2 3 2 4 4 1 2 2 1 4 2 4 1 4.353344
1 3 4 3 2 4 4 2 2 4 1 1 2 4 1 2 4 3 4 3 2 2 4 3 1 2 2 1 3 4 2 4 3 1 3 1 2 2 3 2 1 4 4 4 3 4 1 4 1 2 4 3 2 4 1 4.486285
4 4 1 2 2 2 2 1 4 2 2 4 3 3 4 2 2 1 3 1 4 2 4 4 4 1 1 1 1 4 4 3 4 3 4 4 3 1 3 1 4 3 4 3 3 4 1 4 1 1 3 3 2 3 1 4.335912
2 3 3 4 2 1 2 2 3 4 1 1 2 1 2 2 4 3 1 3 3 3 3 3 4 1 3 2 2 2 1 2 1 4 2 2 2 4 4 3 3 3 2 3 4 2 4 4 2 4 4 2 1 1 1 4.306937
2 1 2 1 2 2 4 1 2 4 3 3 2 1 2 3 2 1 3 3 4 4 4 1 2 2 1 2 4 1 4 4 2 1 2 3 4 4 3 1 4 3 1 4 3 3 4 2 2 2 4 1 1 3 1 4.333500
4 2 4 2 2 4 2 4 4 1 2 4 2 1 3 3 2 3 4 4 4 3 1 4 3 1 3 4 2 3 3 2 4 2 1 4 4 3 2 3 3 2 3 4 3 2 3 3 1 2 2 2 1 3 1 4.238261
3 2 2 3 1 3 3 3 3 3 1 3 1 3 2 1 4 1 4 2 4 2 3 3 4 2 4 1 1 3 4 1 4 1 3 2 3 4 1 3 4 3 1 3 1 1 4 2 3 1 1 2 3 2 1 4.111416
3 3 2 2 3 1 2 1 1 3 1 2 2 2 2 4 3 3 1 1 1 1 3 2 1 1 3 4 3 3 4 1 1 3 2 3 3 1 4 3 3 3 1 4 1 2 2 2 3 1 2 1 3 4 1 4.283447
3 1 2 4 4 3 3 1 1 2 4 3 1 2 1 4 1 3 2 1 2 4 3 1 2 2 3 1 3 1 1 2 3 3 3 3 3 3 4 2 3 2 1 1 2 2 3 3 4 1 3 1 1 4 1 4.181835
3 3 3 4 3 3 4 3 2 4 4 1 3 4 2 3 4 4 1 1 3 2 2 4 2 2 3 1 3 1 4 4 4 4 3 1 4 1 2 3 1 3 4 2 2 3 3 4 2 2 1 3 2 4 1 4.208311
3 4 4 1 4 4 3 1 3 4 3 2 4 4 2 1 1 2 3 4 3 1 3 4 4 4 3 4 4 2 2 1 4 3 3 4 1 4 2 4 4 3 2 3 3 1 4 4 4 1 2 1 2 1 1 4.407113
4 1 3 4 1 1 2 1 3 2 2 3 1 4 4 4 1 4 4 3 1 4 3 4 1 2 4 2 2 1 3 3 4 2 2 4 4 2 1 3 3 3 4 3 3 3 4 1 3 3 4 4 4 3 1 4.224240
4 4 1 3 4 1 2 4 3 2 2 4 3 4 1 3 1 2 4 3 1 3 3 4 3 2 4 3 2 1 3 3 4 4 4 4 3 4 3 4 3 3 2 4 3 4 4 1 1 2 2 2 1 3 1 4.262664
3 2 3 2 4 4 1 4 1 1 2 4 3 3 4 4 1 4 1 2 3 4 3 3 2 4 2 1 1 3 2 2 4 4 4 2 4 4 4 1 2 4 1 2 3 4 4 2 2 3 1 1 2 1 1 4.308794
3 2 2 4 1 4 4 1 1 4 4 1 2 3 4 4 2 2 1 2 3 3 4 3 2 2 4 4 1 4 2 1 1 4 2 4 1 4 2 2 2 4 1 3 3 2 3 2 4 4 4 3 1 2 1 4.477037
1 1 4 4 4 2 4 4 4 1 2 4 3 2 4 2 4 2 2 3 2 3 3 2 4 3 1 1 3 3 1 2 4 2 1 2 2 1 2 2 2 4 2 3 2 1 2 2 2 3 4 4 3 1 1 4.430232
2 4 3 1 3 2 2 3 2 3 4 1 3 2 1 4 1 3 3 2 2 2 1 2 3 2 2 3 4 1 3 2 2 3 4 4 3 3 2 3 4 3 2 3 2 1 2 3 2 2 3 3 2 1 1 4.252050
1 3 2 1 3 1 1 3 2 1 3 3 3 3 3 4 2 1 2 3 3 2 3 4 4 2 1 2 4 2 2 3 1 3 4 1 2 4 2 3 1 4 2 1 1 3 4 2 2 2 3 4 1 1 1 4.182091
2 1 2 3 1 3 3 4 1 2 4 3 4 1 3 4 2 4 1 1 3 3 2 3 2 2 4 3 3 2 1 4 2 1 2 3 2 1 1 1 1 2 4 2 4 3 3 1 2 1 3 1 4 4 1 4.390062
1 3 4 4 1 4 3 1 4 1 4 2 2 4 3 2 2 4 1 3 3 2 1 1 1 1 2 2 1 1 3 3 1 4 2 4 1 4 3 2 1 1 1 2 3 3 1 2 3 1 2 4 1 2 1 4.287479
1 4 2 4 4 1 1 2 3 1 4 4 3 4 3 2 1 2 1 4 2 3 1 2 2 2 1 2 3 1 3 3 2 2 2 1 4 4 4 1 2 1 3 1 4 2 3 1 4 1 3 4 3 1 1 4.435942
4 3 3 4 1 2 2 4 1 2 2 2 1 2 4 4 1 4 2 1 3 3 3 2 4 2 4 3 2 2 4 4 1 1 1 2 1 1 3 2 4 4 4 2 1 1 2 2 3 3 2 1 3 1 1 4.329336
1 1 3 4 4 2 1 2 3 3 1 3 4 2 2 4 1 4 2 3 3 2 2 2 2 2 2 4 3 3 2 4 1 3 1 1 4 3 3 2 4 2 3 4 2 2 1 4 1 3 2 3 2 2 1 4.336926
3 4 2 2 1 2 3 4 1 4 2 4 2 2 4 4 3 3 2 2 3 4 3 1 2 3 4 1 2 3 1 2 4 1 2 2 1 3 3 1 1 3 3 1 1 2 2 2 3 1 3 3 4 2 1 4.336334
1 4 2 1 4 3 1 4 4 3 3 3 4 2 4 1 1 2 2 3 4 3 1 1 2 3 1 4 4 3 3 4 4 1 1 4 2 3 2 3 3 3 4 2 3 3 2 1 2 3 2 2 4 4 1 4.289652
3 4 1 4 4 3 3 3 4 3 3 4 1 3 1 1 2 4 3 1 4 4 1 2 1 1 1 4 2 2 2 1 4 3 3 2 3 3 3 3 3 3 1 2 4 3 4 3 1 3 3 2 3 2 1 4.197559
1 2 2 2 3 4 3 3 1 4 3 3 4 3 1 3 3 3 1 1 4 1 3 4 4 4 2 2 2 1 1 1 3 1 3 3 4 2 3 3 3 2 1 1 3 1 3 4 2 4 1 4 2 4 1 4.083271
1 3 3 3 1 3 3 2 3 3 2 2 2 1 4 1 4 4 2 4 2 1 3 4 3 1 4 3 4 3 1 4 3 4 3 2 3 4 2 1 1 3 1 1 3 2 1 4 3 3 3 2 1 3 1 4.216511
4 1 4 3 3 1 1 1 4 3 2 2 4 4 3 4 2 3 1 2 2 3 3 2 2 3 1 3 3 3 1 2 3 3 1 1 3 4 4 1 2 3 1 2 2 1 1 2 3 3 3 4 3 1 1 4.310512
4 4 1 1 1 3 3 4 1 3 4 4 4 4 4 4 1 1 4 1 4 2 4 1 2 1 4 1 1 1 4 2 2 4 1 1 1 2 3 3 4 2 2 2 4 2 4 3 2 1 4 1 4 3 1 4.389946
1 3 4 4 4 4 4 2 1 3 4 2 1 2 3 2 1 2 4 1 1 1 4 3 1 3 3 1 1 1 4 4 3 3 4 3 4 3 2 2 4 3 1 4 3 1 4 2 1 1 1 4 3 2 1 4.332644
1 2 1 4 1 4 3 4 4 1 1 2 4 1 3 3 4 2 2 2 2 2 2 3 2 4 4 4 2 2 3 2 1 2 1 1 2 3 2 3 4 2 1 2 1 4 2 4 1 4 2 3 2 3 1 4.427059
1 2 2 3 1 3 2 1 1 2 1 4 1 3 3 4 1 3 2 2 4 4 3 1 2 3 2 1 3 1 1 2 3 1 1 3 1 1 3 2 2 3 2 1 3 4 2 2 1 2 4 4 3 2 1 4.288585
2 1 1 4 2 4 2 4 4 4 4 1 1 2 1 4 3 4 2 3 2 1 1 2 1 2 1 1 2 3 1 2 2 1 4 4 1 1 2 1 3 2 3 3 1 3 4 3 2 2 1 4 3 4 1 4.289301
1 4 4 4 1 2 1 1 4 3 2 3 4 2 1 3 1 3 4 1 3 2 2 2 1 3 4 1 4 4 2 3 3 1 2 1 4 3 2 2 2 3 4 1 2 1 1 1 2 3 1 4 3 2 1 4.359386
4 1 3 3 4 1 1 3 3 4 3 4 3 1 4 2 3 3 2 3 4 4 2 1 4 1 1 1 2 2 1 2 3 2 1 1 2 4 3 1 3 2 3 4 2 3 1 1 2 3 2 1 4 3 1 4.188807
2 4 3 3 3 1 1 4 3 2 2 1 1 3 2 1 2 4 1 2 2 3 1 2 3 1 3 3 2 4 3 4 4 4 2 3 4 4 3 3 3 3 1 3 1 1 4 1 4 4 2 1 2 2 1 4.180237
2 4 3 1 1 2 2 2 1 3 4 3 2 3 2 3 3 2 2 4 3 3 4 3 1 4 2 4 2 1 2 2 1 1 4 3 2 1 3 2 2 3 1 2 3 3 1 4 3 4 2 4 1 2 1 4.402331
3 2 1 4 4 3 4 3 1 1 4 4 2 1 1 1 4 2 1 4 1 4 2 3 4 1 4 3 3 2 3 3 4 4 1 2 4 4 3 1 3 4 2 4 3 3 2 1 3 3 2 3 4 1 1 4.166442
2 1 4 3 1 4 3 4 4 2 1 4 2 1 4 3 4 2 4 4 1 2 1 4 4 3 2 4 3 1 2 4 1 4 1 4 3 3 1 3 1 3 4 2 1 3 3 3 3 4 4 2 1 4 1 4.367993
4 2 4 1 4 2 4 4 1 4 1 2 2 1 2 1 1 3 3 4 1 3 3 1 4 4 4 4 4 2 2 4 1 2 4 1 4 2 1 3 2 1 3 2 4 4 4 1 3 4 1 3 3 2 1 4.391398
4 1 3 2 4 1 2 3 1 2 2 1 4 1 1 3 4 3 4 4 2 3 3 1 1 4 4 3 3 3 4 4 4 3 1 4 1 4 3 3 1 2 4 2 2 4 1 2 1 3 2 3 1 2 1 4.072686
1 4 4 1 2 1 2 2 3 3 3 1 4 4 2 1 4 2 2 1 1 2 1 1 4 3 4 1 4 1 1 2 1 3 4 3 2 2 2 2 3 2 4 4 3 4 2 4 1 1 1 3 2 1 1 4.285312
1 2 3 3 3 2 1 4 3 3 1 2 3 4 1 2 1 2 1 1 2 3 1 2 4 1 2 4 3 4 2 3 3 4 4 1 1 2 3 1 1 4 4 4 4 3 4 3 4 2 2 2 1 4 1 4.248111
4 1 1 1 3 1 4 4 1 4 4 2 2 1 2 1 4 3 4 1 2 1 1 1 4 4 1 4 3 1 3 1 1 2 3 4 1 1 4 2 2 2 4 4 1 1 4 4 4 2 1 4 2 2 1 4.435516
1 1 3 1 4 1 2 1 1 2 1 3 1 4 1 3 2 2 1 3 1 1 3 4 1 4 3 3 3 2 1 2 4 1 4 1 1 4 2 3 2 2 4 2 2 1 1 4 4 1 4 3 1 2 1 4.192335
1 4 4 1 2 4 2 1 3 2 2 2 1 1 1 1 1 2 1 1 1 1 1 4 3 1 4 4 2 3 1 4 4 2 4 3 2 2 2 2 2 2 1 4 3 3 3 2 4 1 2 4 4 1 1 4.203595
3 1 3 4 4 4 2 1 2 3 1 1 3 3 4 1 3 3 4 1 1 3 3 2 1 1 2 3 1 2 1 4 3 4 1 2 1 4 4 2 2 1 1 1 3 3 4 4 2 2 3 2 1 2 1 4.342851
1 2 1 3 1 1 3 4 2 3 1 2 3 2 1 2 1 4 1 4 1 2 4 4 4 1 2 2 1 2 4 2 2 4 3 1 2 2 2 4 2 3 3 1 3 3 1 4 1 4 3 2 2 2 1 4.375364
4 2 4 1 3 1 1 2 2 3 1 1 4 3 2 3 4 3 3 2 3 3 4 3 4 2 1 3 3 2 4 3 3 2 3 2 2 4 2 2 2 3 3 1 2 2 4 4 1 1 3 4 2 2 1 4.326945
2 4 3 2 4 2 4 3 1 3 2 3 1 3 4 1 2 1 2 2 4 2 3 3 3 2 2 2 3 4 2 3 2 3 4 1 4 1 2 3 1 2 4 3 1 2 4 3 4 3 3 2 3 3 1 4.156481
2 2 3 3 2 2 2 3 4 1 2 1 1 4 3 1 1 2 2 3 4 2 2 2 4 3 4 1 3 2 2 2 1 4 4 4 1 4 1 2 3 4 3 4 2 1 4 4 2 1 2 3 4 1 1 4.109701
2 2 4 4 1 2 1 1 1 1 2 2 3 4 3 4 4 4 2 3 3 1 2 1 4 4 4 2 3 4 4 4 4 4 1 2 4 1 2 4 1 1 4 2 4 2 2 4 4 1 4 3 3 1 1 4.455598
3 4 4 1 1 2 1 1 3 2 4 4 3 2 1 1 2 1 2 3 3 2 2 1 2 4 3 1 1 4 1 2 3 3 2 2 2 3 3 4 1 1 2 4 1 2 2 4 4 3 1 3 4 3 1 4.449038
1 2 4 4 3 1 4 1 1 4 1 1 4 1 1 2 2 4 2 2 2 4 2 1 4 2 4 2 4 4 4 1 3 4 2 2 2 1 3 2 4 3 2 4 4 4 3 4 1 4 2 2 2 1 1 4.404007
1 1 1 4 1 2 2 1 4 4 3 1 4 4 2 2 4 4 2 4 4 4 3 1 1 2 1 4 4 4 3 2 2 1 4 2 1 1 3 2 4 4 1 2 2 4 4 4 2 1 2 3 3 1 1 4.268005
1 4 4 1 4 1 2 2 2 4 3 2 4 3 1 3 1 4 1 1 4 2 3 1 4 3 1 4 2 4 3 2 2 3 2 4 4 4 3 3 1 4 2 2 2 4 1 2 2 1 3 1 3 4 1 4.344946
1 3 2 2 2 1 1 4 1 1 3 3 3 1 1 4 4 2 2 3 4 4 1 2 1 3 1 3 1 1 1 1 3 1 3 3 3 2 2 3 1 1 2 1 4 4 3 3 2 4 4 3 2 3 1 4.712505
4 3 2 1 1 3 1 3 2 2 2 1 1 3 3 1 3 4 1 3 3 2 4 1 2 4 4 4 4 3 3 3 1 4 3 3 2 2 3 3 2 1 1 1 2 1 4 1 4 2 3 3 2 3 1 4.146064
1 3 1 2 1 1 4 1 3 2 2 3 4 3 2 3 3 3 1 3 4 4 1 2 1 2 4 1 1 4 1 3 3 3 3 2 3 2 4 2 1 1 2 4 4 4 2 1 2 1 3 2 4 2 1 4.364960
3 4 4 4 1 1 4 3 3 2 3 1 2 2 1 1 2 2 1 2 2 2 2 3 1 4 4 4 1 1 3 2 1 2 1 4 3 2 3 1 3 2 4 4 2 3 2 1 1 3 3 3 4 1 1 4.344701
4 2 4 4 1 4 4 3 4 1 2 1 4 1 4 1 2 2 2 2 1 1 2 2 3 2 3 2 4 3 3 4 4 1 1 3 4 4 4 3 4 4 1 1 3 3 2 4 3 3 1 3 4 2 1 4.416050
4 4 3 4 1 2 1 1 3 2 4 1 4 4 3 2 3 4 4 3 2 1 4 4 3 3 2 2 1 2 4 1 4 3 4 2 4 2 2 4 2 4 3 2 3 3 1 3 4 4 3 4 1 2 1 4.356413
4 4 1 1 1 2 1 3 3 2 4 4 4 1 4 3 4 3 4 3 4 3 1 4 3 3 3 2 2 1 4 3 1 4 3 3 4 3 1 3 2 4 2 2 4 4 4 4 4 2 2 4 3 4 1 4.442002
3 4 3 4 4 3 1 1 1 2 3 3 4 3 1 2 1 4 3 4 2 2 3 2 4 4 3 2 4 2 4 1 4 2 2 3 4 2 3 3 4 1 3 1 2 2 4 1 2 3 4 2 2 4 1 4.306843
3 3 2 4 1 1 3 2 2 4 4 4 3 4 2 4 4 3 1 2 4 1 2 1 1 3 3 3 1 2 1 1 4 1 3 4 4 1 4 2 2 1 1 1 3 3 3 3 3 1 3 3 4 1 1 4.373312
4 1 4 3 4 1 1 2 4 4 1 3 4 1 3 4 2 2 4 4 4 4 4 2 1 4 3 3 4 3 2 1 4 2 4 4 2 3 2 1 2 3 2 2 4 2 2 1 4 2 3 3 2 1 1 4.449880
3 4 4 1 1 4 4 1 3 2 2 2 4 4 2 4 4 4 4 1 4 4 4 1 1 3 2 1 2 4 2 3 3 3 1 2 1 3 1 1 4 3 3 1 1 4 4 4 3 1 2 3 1 3 1 4.241740
1 2 1 4 1 1 2 4 3 2 2 1 1 4 4 2 1 2 4 4 4 4 2 4 4 1 3 4 4 3 3 1 3 3 3 2 3 4 2 1 2 3 2 4 2 3 1 2 4 3 3 1 3 4 1 4.381487
3 2 3 3 1 3 1 4 2 3 1 4 3 3 2 4 3 2 4 4 1 2 1 4 4 4 3 3 3 3 1 2 3 2 4 2 3 2 3 1 2 1 3 4 3 4 4 1 3 3 3 1 4 3 1 4.321420
4 2 1 3 4 3 3 2 2 2 1 3 3 1 4 2 2 4 2 3 3 3 1 3 2 4 3 2 2 3 3 1 1 3 1 4 3 2 2 4 3 2 3 4 3 2 1 2 2 4 2 1 3 4 1 4.277072
4 4 2 2 1 3 4 4 2 2 2 1 3 1 4 1 2 1 1 1 1 2 1 1 4 3 3 4 4 4 3 2 2 2 2 2 4 3 4 3 4 2 1 1 3 4 1 1 2 4 2 2 2 3 1 4.278739
1 1 1 2 2 1 3 1 2 2 2 2 1 2 4 4 4 2 1 3 3 3 1 4 1 3 4 1 4 4 3 2 2 3 1 4 2 1 4 2 1 2 1 1 2 2 4 1 3 3 4 2 2 4 1 4.278873
3 2 3 4 3 1 4 2 4 4 3 3 2 3 2 4 4 4 3 3 1 3 4 3 2 2 2 2 1 2 1 2 1 1 4 4 1 2 2 3 2 3 2 1 3 4 1 3 4 4 1 2 1 3 1 4.258418
2 1 3 1 4 4 4 3 2 2 4 2 3 1 1 4 4 2 1 2 2 4 1 3 2 2 4 4 4 3 2 1 2 2 2 3 1 3 4 3 3 3 3 3 3 2 1 2 2 1 4 1 1 3 1 4.276410
2 1 2 1 3 2 2 4 4 2 3 1 2 3 3 4 2 2 1 4 4 1 2 3 1 2 2 3 3 1 3 3 3 1 1 3 1 1 2 4 1 3 4 1 4 3 2 2 2 1 3 2 2 4 1 4.362794
3 3 4 1 2 3 4 1 2 4 2 2 2 2 1 2 2 1 3 3 2 4 4 2 3 2 3 2 2 1 4 2 4 4 4 3 1 1 4 4 4 1 4 1 3 3 4 4 2 1 4 2 1 1 1 4.075147
4 1 2 2 4 4 4 1 3 1 2 4 4 1 2 1 4 4 4 2 4 3 1 1 2 4 4 2 4 4 4 4 4 2 3 3 1 1 2 2 1 4 4 4 3 2 1 3 4 4 4 3 4 2 1 4.362443
4 1 4 2 1 4 4 4 2 4 2 4 3 2 4 4 2 2 4 3 2 2 4 4 2 2 4 2 4 4 3 3 1 4 4 3 1 1 2 2 1 1 2 4 2 2 1 4 2 3 3 1 4 2 1 4.555910
4 2 4 4 2 1 2 4 3 4 2 3 3 3 1 1 4 4 2 2 3 2 4 2 4 2 4 1 4 4 3 2 3 3 2 1 2 2 4 4 4 1 2 4 2 2 1 2 4 3 3 4 2 1 1 4.238820
2 2 1 4 2 4 1 4 4 4 3 2 3 2 2 4 2 4 2 1 3 3 3 3 2 1 1 1 2 2 4 3 1 3 4 3 4 4 3 2 1 1 2 2 2 2 4 4 4 2 2 2 2 1 1 4.408972
2 4 3 2 1 4 4 4 2 3 4 2 2 2 1 3 3 2 2 1 2 1 4 4 2 4 2 4 4 2 3 3 1 1 2 3 2 4 2 2 1 1 2 3 3 4 3 3 4 4 3 4 3 2 1 4.126062
1 3 1 2 4 1 1 4 3 4 3 3 1 2 4 3 3 1 3 1 1 1 3 2 2 1 2 1 2 4 3 3 1 1 4 2 4 3 2 2 2 3 3 3 1 1 2 4 2 4 2 2 1 4 1 4.364183
3 4 1 2 1 2 3 3 4 4 4 2 2 1 2 3 4 4 4 4 4 3 4 2 3 2 3 1 2 4 2 1 3 3 2 2 3 3 4 1 2 1 4 3 1 4 1 2 4 4 4 2 1 3 1 4.271301
2 3 3 4 4 4 3 2 1 4 3 2 3 3 2 2 3 1 1 1 1 2 4 2 3 4 4 3 3 3 1 2 1 3 4 1 1 2 3 2 4 2 3 1 4 3 3 4 2 3 2 1 1 2 1 4.307072
4 2 1 3 4 2 1 1 1 3 3 1 4 1 4 4 4 1 1 1 4 1 2 3 1 3 2 2 2 4 3 3 4 4 4 2 3 2 1 4 2 3 2 3 1 3 3 3 3 2 3 1 3 4 1 4.404103
4 4 4 4 1 2 1 1 1 1 1 4 4 2 4 4 3 4 3 4 3 3 2 3 4 1 2 1 4 4 3 1 2 3 2 4 4 3 1 1 2 3 1 4 1 1 4 1 3 2 2 3 4 3 1 4.518768
1 3 4 4 3 2 1 4 4 1 1 1 4 2 4 4 1 4 4 3 1 4 2 4 2 1 4 1 3 3 3 2 4 1 4 3 4 4 2 3 1 1 4 4 4 2 3 3 3 1 3 4 1 3 1 4.442686
4 4 1 3 1 1 1 3 1 1 4 3 4 1 4 2 2 1 4 4 2 1 1 1 3 1 3 1 4 3 2 3 4 4 3 4 1 1 4 2 4 3 3 1 3 3 3 4 3 4 3 4 1 4 1 4.284724
1 1 4 4 2 4 3 2 2 2 1 3 3 1 4 3 3 4 4 4 3 4 3 4 2 4 4 2 4 2 3 2 4 1 2 1 3 3 2 2 1 1 1 1 3 3 4 2 1 2 2 1 2 4 1 4.285751
3 3 2 4 4 3 3 4 2 3 3 1 4 1 1 4 4 1 3 3 2 1 1 1 4 3 1 1 3 1 3 3 4 2 1 4 4 4 1 2 3 4 3 2 1 2 3 4 1 3 2 1 1 3 1 4.367180
4 3 3 3 2 3 3 2 4 4 4 2 4 2 2 4 2 1 1 2 2 2 3 2 3 2 3 2 2 3 3 4 3 4 2 3 2 2 4 4 1 1 1 3 4 4 3 1 3 4 3 4 1 1 1 4.322487
4 2 2 4 3 2 2 1 4 4 4 4 3 3 3 4 4 4 4 1 2 4 4 4 4 3 1 1 1 2 3 4 2 1 3 3 2 4 2 2 3 1 2 4 3 4 4 3 3 1 2 3 1 4 1 4.268837
1 4 1 1 1 3 3 1 1 4 3 2 4 3 3 1 3 3 4 4 3 1 3 4 3 2 2 1 3 4 3 4 1 4 2 3 4 2 1 3 1 4 3 4 1 4 2 1 3 2 2 4 4 2 1 4.299281
3 3 4 1 2 4 3 1 1 1 4 3 4 3 3 4 4 4 3 4 2 2 3 1 4 3 4 3 1 3 4 2 1 4 3 4 3 4 3 4 3 1 2 3 1 1 3 4 4 2 1 2 3 4 1 4.320897
1 1 2 3 4 4 1 4 3 3 4 1 3 4 1 4 3 3 3 3 1 4 3 1 4 4 1 3 1 4 1 4 3 1 4 2 4 2 1 3 4 4 2 3 4 1 4 3 3 1 3 1 1 4 1 4.267016
1 1 2 2 2 3 1 3 1 2 1 2 2 1 2 3 2 3 1 3 2 4 2 1 2 4 4 4 4 3 2 3 1 1 1 4 2 4 2 3 1 2 1 2 1 3 3 3 1 2 2 4 1 2 1 4.231639
4 1 2 4 3 2 3 1 2 1 1 3 2 2 2 4 2 2 2 2 2 3 2 1 4 2 3 2 2 3 1 3 2 2 2 1 2 4 1 4 2 2 1 4 4 4 2 2 1 2 4 4 4 2 1 4.516517
4 4 4 2 1 1 1 4 2 3 3 2 4 3 1 3 2 1 1 2 3 4 3 3 2 2 2 4 3 3 1 2 1 4 2 1 2 3 1 3 4 4 1 3 4 1 3 2 1 2 3 1 1 1 1 4.287902
4 1 1 3 3 3 3 3 1 3 4 2 4 4 3 1 3 4 2 1 4 1 1 2 1 1 1 1 1 1 1 4 2 2 3 4 1 1 1 4 2 2 4 4 4 3 1 1 4 1 1 4 3 1 1 4.335423
2 3 3 1 1 1 4 3 1 2 2 1 4 2 1 1 1 3 2 4 1 4 4 1 3 1 3 4 2 3 3 4 1 1 3 1 1 3 4 1 4 2 1 3 4 4 3 1 3 4 1 3 4 3 1 4.240467
1 3 3 1 2 4 2 1 4 4 3 2 1 3 1 3 1 1 4 4 3 1 3 1 3 4 1 1 3 4 3 3 3 1 1 3 3 2 1 1 3 4 4 1 2 4 3 1 3 4 1 4 1 3 1 4.172293
1 3 4 3 3 3 4 4 4 3 4 2 4 3 3 4 4 4 2 1 2 3 2 1 4 2 2 2 2 4 1 1 3 1 1 4 1 2 3 2 3 2 2 2 2 2 3 2 4 2 1 2 1 1 1 4.348281
2 3 4 1 4 4 4 2 4 2 1 2 3 2 4 1 2 4 4 2 1 1 1 2 4 2 2 2 1 4 4 4 1 2 2 2 4 1 4 3 2 3 4 4 4 2 3 2 1 4 4 2 2 2 1 4.472360
2 4 2 1 2 2 4 2 2 2 4 1 4 2 1 2 4 2 2 3 1 4 2 4 2 3 1 4 3 3 4 4 4 2 2 1 1 3 1 3 3 4 2 3 3 1 2 4 3 2 3 4 4 2 1 4.374602
3 2 2 4 1 2 3 2 3 3 1 3 4 4 4 4 2 1 1 4 4 3 4 4 1 3 2 4 1 3 4 4 1 1 2 1 1 2 3 3 3 4 3 4 1 3 3 4 3 4 3 1 3 3 1 4.314618
4 4 3 4 2 4 1 4 4 3 1 1 3 4 2 2 2 1 4 4 1 3 4 3 1 2 4 4 4 3 4 4 3 1 3 1 3 1 4 3 3 4 2 4 3 4 2 1 3 2 2 2 3 3 1 4.250161
4 1 2 3 4 4 2 4 3 1 2 4 2 4 4 1 1 4 3 2 3 2 4 4 1 2 3 4 3 3 2 2 1 4 2 1 2 2 1 4 4 4 4 4 3 4 4 3 1 1 2 1 3 3 1 4.319582
2 2 1 2 4 3 4 1 1 4 2 4 3 3 1 2 2 3 2 3 2 3 1 1 3 1 3 3 2 4 2 4 2 1 2 2 2 3 4 1 4 1 2 2 3 2 4 1 3 1 4 4 4 3 1 4.221397
3 3 3 3 2 1 1 1 4 2 1 1 3 3 4 2 4 1 1 2 4 2 2 2 2 4 2 3 2 2 3 2 1 2 2 4 3 1 2 3 3 4 2 4 3 2 1 1 4 4 3 4 4 1 1 4.444130
1 4 1 2 1 2 4 3 3 1 4 1 3 1 3 1 2 4 3 3 2 2 2 1 2 4 4 2 4 2 4 3 4 3 4 4 4 3 3 2 3 4 3 2 3 2 2 2 2 2 4 1 2 4 1 4.362771
3 3 3 2 1 2 1 2 1 1 4 4 2 1 4 2 3 4 3 3 2 2 3 4 3 4 2 2 4 3 1 2 1 2 4 3 3 4 4 2 1 4 2 4 3 4 2 3 4 2 4 3 1 3 1 4.202075
2 1 2 2 2 3 3 4 4 4 4 4 3 2 1 2 4 2 3 4 2 4 1 3 4 2 1 3 4 4 4 3 1 4 1 3 1 2 3 3 2 1 4 3 2 3 1 4 3 2 2 4 3 1 1 4.351704
2 3 1 1 2 1 1 2 4 2 2 2 3 1 4 2 4 4 1 3 2 2 3 2 1 1 4 2 1 3 2 4 1 3 4 1 4 4 2 4 2 3 1 2 1 1 1 2 2 4 2 3 3 4 1 4.298947
2 2 1 3 2 1 1 2 3 1 3 1 4 4 3 1 1 2 2 1 4 2 1 1 1 4 2 2 1 4 2 3 3 3 1 1 3 3 1 1 1 2 1 1 3 1 3 3 4 1 4 2 4 1 1 4.321372
4 2 3 2 1 1 2 3 4 1 2 1 2 2 3 3 3 1 2 1 2 1 3 1 1 3 3 1 1 1 1 1 3 1 4 3 2 1 4 3 1 2 1 4 1 3 3 2 1 3 1 2 3 2 1 4.258547
1 1 1 4 2 3 3 3 4 1 3 3 3 3 1 3 1 4 1 4 2 1 1 3 3 2 1 3 1 2 3 3 1 4 3 3 1 2 1 2 2 4 1 4 4 2 4 1 1 2 4 2 1 4 1 4.342261
2 1 3 4 1 4 2 2 1 1 4 4 3 1 1 3 4 3 4 1 1 3 2 4 2 4 3 3 4 2 1 3 1 2 4 4 1 4 2 4 2 3 1 2 1 3 1 4 2 1 2 3 1 3 1 4.338918
3 4 2 1 1 2 4 4 1 2 3 3 3 1 1 4 4 3 1 4 4 2 3 4 2 2 1 1 3 3 2 4 4 3 2 1 4 4 2 2 3 2 2 3 3 4 1 1 4 3 1 1 1 4 1 4.203295
3 1 3 4 1 1 2 1 1 3 2 3 1 4 2 4 4 4 2 3 3 3 2 2 3 4 3 3 4 2 1 1 1 3 3 4 4 4 1 1 3 3 4 3 3 2 1 3 2 3 2 3 1 2 1 4.381589
4 1 1 1 2 2 4 2 3 3 3 1 2 4 3 2 4 4 1 1 1 1 1 1 1 2 2 4 3 3 4 4 3 1 1 1 3 2 1 3 3 3 1 3 4 2 3 4 2 3 3 3 2 2 1 4.178905
2 3 2 1 3 3 2 1 3 4 3 2 1 4 3 1 3 2 1 1 3 3 2 3 2 1 3 3 3 2 4 3 3 3 4 2 3 4 2 3 2 3 4 2 4 4 4 2 1 3 4 4 3 3 1 4.314072
3 1 2 2 1 3 3 4 3 2 2 3 1 2 3 4 3 3 4 2 1 4 2 3 1 3 4 1 2 4 3 2 4 2 3 3 2 2 3 1 3 4 3 2 2 2 3 3 3 1 3 4 4 3 1 4.147324
3 2 3 2 2 1 3 4 2 2 2 3 2 3 1 4 4 3 3 1 1 2 2 3 3 1 3 4 3 4 3 4 3 3 4 3 3 3 1 4 3 4 2 4 3 4 3 4 3 1 3 2 3 3 1 4.039117
1 1 1 2 2 1 2 2 1 3 2 4 4 4 4 2 1 2 4 4 3 4 1 3 2 4 4 1 3 2 4 4 4 4 1 3 1 3 2 3 2 2 2 4 1 1 1 2 2 1 1 1 2 2 1 4.279269
4 4 2 1 2 1 3 2 1 2 2 2 1 4 4 1 3 3 3 1 2 2 1 4 3 2 4 2 1 4 4 1 3 3 2 3 4 4 4 2 4 2 4 2 1 4 3 4 1 1 1 4 3 2 1 4.266018
1 2 2 2 4 2 4 3 2 3 2 2 1 4 1 3 1 3 1 3 2 2 4 2 2 1 3 1 1 1 1 4 2 2 2 4 2 2 4 1 1 1 4 1 2 3 4 2 3 2 3 3 2 1 1 4.361037
4 3 2 4 2 2 2 2 4 4 3 3 3 2 2 3 1 4 4 4 2 1 4 1 1 1 2 2 2 4 4 1 2 4 1 3 3 4 4 1 2 4 1 1 2 3 2 4 4 4 1 3 3 1 1 4.344277
3 3 3 1 3 2 2 1 1 1 3 4 1 4 4 1 1 3 4 4 1 4 4 3 2 3 2 2 3 2 1 4 2 2 1 1 4 1 3 4 1 4 4 4 1 4 3 1 4 1 1 2 3 1 1 4.256830
4 3 3 3 4 1 4 1 2 1 1 2 4 4 3 4 4 4 4 4 4 4 1 2 1 3 1 2 1 2 1 1 2 3 2 2 3 1 1 4 3 3 4 4 3 2 2 4 1 2 1 3 4 4 1 4.396146
3 3 2 2 1 1 2 4 2 4 1 2 1 1 1 2 1 3 4 2 3 4 3 2 1 2 3 4 2 1 4 3 2 2 3 4 3 1 4 4 4 1 4 1 3 2 4 1 1 1 4 3 3 4 1 4.242944
