1 3 1 4 2 4 3 3 2 2 4 4 1 4 4 4 4 1 4 4 4 3 3 2 4 2 4 4 3 4 4 1 4 2 2 2 4 4 2 4 4 4 1 2 4 4 1 2 1 4 2 2 1 4 2 5.556938
1 1 2 2 4 2 1 3 3 3 2 4 1 4 3 3 3 3 3 1 3 3 4 1 1 4 3 4 4 1 3 4 3 3 2 3 2 2 2 3 1 3 4 3 2 3 4 4 4 4 2 3 1 1 2 5.466854
4 1 2 3 3 3 4 3 1 3 2 3 4 1 1 3 3 3 2 4 3 1 3 3 4 4 3 1 4 1 4 3 1 1 4 3 4 1 1 2 2 4 2 2 2 3 3 4 2 2 3 1 3 3 2 5.346597
1 3 2 3 4 4 1 3 3 2 2 4 3 1 4 3 4 2 3 1 3 3 3 1 2 2 4 4 4 4 1 3 3 3 2 3 2 2 3 1 3 3 3 1 3 1 4 4 4 1 3 2 1 2 2 5.381210
1 1 2 2 2 3 3 2 2 1 4 3 1 1 3 4 2 4 4 3 1 1 3 3 4 1 4 1 4 1 4 4 2 3 2 4 4 1 3 3 4 2 1 3 1 2 4 2 4 4 2 4 3 2 2 5.627457
1 3 4 2 2 2 4 4 3 1 4 4 3 4 1 1 2 4 4 4 1 2 4 1 3 3 1 2 3 4 2 2 4 3 2 3 2 4 3 3 3 2 1 3 2 1 1 4 3 2 2 2 4 4 2 5.506247
1 3 3 2 2 1 1 1 2 4 4 4 4 4 3 1 4 4 1 1 3 2 2 3 1 3 1 4 3 2 4 4 2 2 4 1 4 2 1 2 3 3 3 4 1 3 2 3 3 1 2 4 4 3 2 5.690811
4 3 1 3 2 2 3 1 2 4 4 4 3 3 3 3 1 1 2 3 4 3 1 4 4 1 1 4 1 4 2 3 4 3 4 4 2 4 4 4 4 3 3 2 3 3 4 2 1 4 2 4 2 3 2 5.320543
3 3 4 1 3 1 2 3 2 3 3 3 4 3 3 4 4 3 3 1 1 1 1 4 2 4 4 2 4 4 4 3 3 2 4 4 4 3 4 3 4 4 1 3 3 3 2 4 4 1 1 2 2 3 2 5.388621
2 4 1 3 1 3 3 2 2 4 1 4 1 4 2 3 3 1 2 2 4 1 2 4 4 4 1 1 3 2 4 1 4 1 1 1 2 1 1 3 2 1 2 3 3 4 2 1 2 3 1 4 1 1 2 5.275353
1 2 3 1 3 3 2 3 1 4 1 1 1 1 3 3 3 3 1 3 4 1 2 4 3 4 3 3 2 3 2 1 4 1 1 3 2 3 1 2 2 2 2 4 3 4 4 2 3 3 1 1 3 4 2 5.461141
4 3 1 1 2 3 2 4 2 4 3 2 1 4 3 3 2 3 4 1 2 2 1 2 1 3 3 4 4 3 2 1 2 4 3 2 3 2 4 4 3 2 1 1 4 3 2 3 1 2 3 3 3 1 2 5.363515
1 4 1 2 4 3 1 1 2 4 4 3 2 2 1 3 4 3 4 2 4 4 4 1 4 1 4 2 3 2 2 4 3 4 4 2 2 3 3 2 3 2 4 4 4 4 2 1 3 3 3 2 2 2 2 5.580590
4 1 4 4 2 1 2 2 4 2 4 4 2 4 4 2 4 4 4 1 4 3 4 4 1 4 4 3 3 2 1 4 4 2 4 4 4 3 2 4 2 3 2 1 4 3 4 4 1 3 2 2 4 3 2 5.561133
2 2 2 2 2 4 4 2 4 4 2 3 4 4 1 2 1 4 4 4 1 4 4 3 4 2 1 1 1 1 4 4 2 4 4 2 2 2 3 3 2 1 4 1 3 3 1 4 4 3 4 3 3 3 2 5.505158
3 4 4 2 2 2 2 2 4 4 2 2 4 3 2 4 2 4 4 3 4 3 4 3 4 4 2 2 4 1 4 4 4 4 2 2 4 4 2 3 3 1 3 4 1 4 4 4 4 2 4 4 3 2 2 5.465913
2 2 2 2 4 2 1 2 2 2 2 1 3 4 2 4 3 3 4 1 4 3 3 4 2 4 4 1 3 2 4 2 4 4 3 3 3 3 2 2 2 1 3 4 4 3 4 4 1 3 2 4 2 2 2 5.590689
1 3 3 4 2 3 1 3 1 3 3 4 1 4 2 2 4 2 3 1 1 2 4 1 3 3 1 2 4 2 3 3 2 4 3 4 2 3 1 2 2 4 4 1 2 1 1 2 4 4 1 4 1 4 2 5.530687
2 2 4 3 4 2 4 2 4 3 3 2 1 2 3 2 3 4 1 2 4 2 1 2 4 2 1 2 1 3 2 1 4 4 3 3 1 2 3 1 4 4 3 4 2 3 1 1 3 1 4 3 2 2 2 5.555312
4 2 4 2 2 3 3 1 3 2 3 4 2 4 2 4 1 1 1 2 3 3 2 2 3 1 1 3 4 1 4 3 3 4 2 1 4 2 2 4 4 1 2 4 1 4 2 4 4 3 3 2 1 3 2 5.562495
2 4 4 4 2 2 1 4 3 2 3 1 2 1 2 3 1 2 2 1 2 1 2 4 3 1 4 2 3 1 4 4 3 2 4 2 3 1 4 1 4 1 2 1 2 3 2 1 3 1 4 4 1 4 2 5.526413
2 3 3 3 2 1 1 4 4 3 3 2 3 1 4 2 1 3 2 3 4 2 1 3 1 3 1 3 1 1 4 1 1 1 1 3 1 2 1 2 2 2 2 1 2 2 4 4 3 4 3 1 4 3 2 5.584694
3 1 4 3 3 2 3 2 1 3 3 3 3 3 3 1 4 1 2 4 3 2 1 3 2 3 2 3 1 1 4 1 3 3 3 2 4 3 1 4 2 2 4 2 1 2 1 1 1 1 3 1 2 2 2 5.572683
3 2 3 3 1 4 1 1 3 3 1 2 2 4 2 1 4 4 3 1 2 1 3 3 3 1 1 1 4 4 1 3 3 1 2 2 2 2 2 3 3 3 4 3 1 4 1 4 1 3 2 3 1 4 2 5.443362
4 1 4 4 4 4 3 4 2 3 4 2 2 1 4 4 4 4 3 2 1 4 2 4 1 4 2 2 3 2 4 4 4 3 3 4 4 1 3 3 1 1 3 3 2 2 2 1 3 3 4 3 2 2 2 5.545430
1 2 3 1 2 3 2 1 4 4 2 3 4 2 1 2 3 1 3 3 1 3 2 2 4 1 1 1 3 2 1 1 1 3 4 1 3 2 3 2 4 2 2 4 3 1 4 2 1 4 1 3 3 2 2 5.305226
2 2 2 4 1 1 1 3 2 3 3 1 2 4 2 4 2 2 4 2 2 1 4 3 3 3 2 2 2 2 1 3 4 4 4 2 2 3 2 3 2 2 4 3 2 2 4 1 3 2 4 4 3 2 2 5.408501
2 2 4 1 3 3 2 3 2 1 2 1 2 3 4 2 4 2 2 4 1 4 3 4 3 4 2 2 4 2 1 3 2 2 3 3 3 2 3 2 2 1 3 2 3 3 1 4 1 2 4 3 2 4 2 5.405505
3 2 3 4 3 4 1 3 2 2 1 3 1 3 4 3 4 2 2 1 2 4 3 4 4 2 4 2 2 1 1 4 2 4 2 2 3 2 1 4 2 1 1 2 3 4 3 4 3 4 1 1 1 4 2 5.448106
4 4 1 1 3 2 2 4 2 1 3 1 3 4 1 4 1 2 2 2 4 1 3 3 3 3 2 4 1 4 3 2 3 3 1 1 2 1 2 2 4 4 4 3 4 2 2 1 4 4 1 3 4 4 2 5.684076
1 2 3 4 4 3 4 2 1 1 4 2 4 4 3 1 4 2 4 2 3 3 4 1 3 4 1 2 3 2 1 2 1 1 1 4 4 4 2 2 1 4 4 4 4 2 3 4 1 4 3 1 1 4 2 5.638963
1 4 3 3 2 4 1 2 3 2 3 4 1 3 4 1 4 1 3 1 3 4 2 1 3 4 1 4 1 2 1 3 3 1 1 4 2 4 2 3 1 1 2 1 3 1 4 3 4 1 1 1 1 3 2 5.393180
3 3 3 3 4 4 3 3 3 3 1 3 3 1 4 3 1 1 3 2 2 1 1 4 2 2 3 3 2 4 4 1 2 4 1 4 4 2 1 1 2 1 4 2 3 1 4 4 1 2 3 3 1 2 2 5.399598
3 1 2 2 3 3 3 3 4 1 1 1 2 2 3 4 3 1 2 1 3 2 4 3 3 4 1 1 3 3 3 3 3 4 2 1 1 1 4 3 1 4 4 1 2 3 3 1 2 2 3 4 4 1 2 5.461299
2 3 3 1 3 3 3 2 2 3 4 4 4 2 2 2 3 2 1 3 1 2 3 2 1 1 1 3 4 1 1 4 2 4 4 4 2 4 2 1 4 4 2 4 3 1 3 2 1 1 3 4 3 2 2 5.340279
3 3 4 4 2 2 2 4 4 2 3 4 1 1 2 2 4 3 1 1 2 3 2 4 4 3 3 2 2 4 4 4 3 4 2 1 4 1 4 1 2 2 3 4 3 3 2 1 3 3 2 2 1 1 2 5.376670
1 1 3 3 4 4 2 2 2 2 3 1 2 4 3 2 4 2 4 1 3 1 3 3 1 3 2 3 2 2 1 1 3 3 2 4 4 3 3 1 4 2 4 4 2 2 2 3 3 2 3 4 3 2 2 5.569347
4 2 2 3 2 4 4 3 3 1 3 2 3 1 2 2 2 1 1 3 3 2 4 3 3 3 4 4 2 4 4 3 2 2 3 4 4 1 2 4 3 4 3 1 3 2 1 3 2 4 2 3 4 2 2 5.216919
3 3 3 2 2 3 2 4 2 1 3 4 2 3 2 3 3 3 1 2 1 1 3 4 1 3 3 2 2 1 1 3 4 2 4 3 3 1 2 4 2 4 3 2 4 2 4 3 3 4 3 2 2 3 2 5.456928
3 2 4 2 3 3 3 3 3 4 2 4 3 3 2 1 2 4 3 3 2 2 3 3 3 3 2 2 4 4 3 3 1 3 2 4 2 4 3 4 1 1 4 3 2 1 1 1 4 2 4 1 4 1 2 5.369193
3 4 1 2 2 2 4 3 4 3 4 4 3 4 1 4 3 4 1 3 4 4 4 4 2 4 3 4 4 3 2 2 4 3 4 3 3 4 4 4 4 4 3 3 1 2 4 4 2 3 4 2 1 3 2 5.409773
3 3 1 2 1 2 3 1 1 1 3 3 1 1 4 2 3 2 1 1 1 2 3 2 4 1 4 2 2 3 4 3 3 1 4 1 4 2 1 1 3 4 4 1 4 1 4 3 3 4 1 1 1 2 2 5.422871
1 1 4 2 1 1 1 3 1 3 1 1 4 3 2 2 1 1 1 1 2 2 2 4 3 4 2 3 3 4 3 3 2 3 1 1 3 1 4 2 4 3 2 1 1 2 1 2 4 3 3 2 3 4 2 5.423202
4 4 3 3 3 3 1 3 3 1 4 1 1 3 2 2 3 3 1 3 1 4 3 2 3 1 4 4 1 2 4 3 3 4 1 1 1 1 2 4 3 4 2 1 3 4 1 3 4 3 1 1 1 2 2 5.471359
4 4 4 3 1 2 4 2 4 1 2 4 4 1 3 2 4 4 2 3 1 3 4 2 1 4 2 3 3 4 3 1 4 2 2 1 3 2 4 3 4 2 2 3 3 2 3 1 2 3 1 4 1 3 2 5.574284
3 1 3 4 3 2 1 4 2 1 1 2 3 1 2 1 1 1 3 4 3 1 2 2 4 2 4 1 4 3 2 1 1 2 1 2 4 3 4 4 1 1 1 4 2 2 1 2 1 4 4 4 3 2 2 5.494845
3 2 2 2 4 3 2 4 4 4 1 4 3 4 3 4 4 4 2 4 1 1 2 1 3 3 3 4 4 4 2 1 3 2 2 3 3 2 1 1 2 3 3 3 3 4 2 3 4 2 2 4 2 1 2 5.637043
4 4 4 4 3 2 4 2 1 2 4 1 2 2 4 2 3 2 3 3 1 3 4 3 2 3 1 4 3 3 3 3 4 2 3 4 3 2 4 4 2 4 1 3 4 4 2 2 2 1 1 1 1 2 2 5.531776
4 3 3 3 3 2 3 4 4 4 4 4 4 2 2 4 1 1 3 3 3 1 3 2 4 3 4 3 2 4 3 2 2 3 1 1 1 4 2 1 2 1 3 2 1 4 2 1 3 4 4 2 1 4 2 5.555043
4 3 2 3 4 3 4 4 4 3 2 4 1 4 1 2 4 4 3 1 4 2 3 2 4 3 1 3 4 1 1 4 4 1 2 4 1 4 3 3 4 1 4 2 4 2 3 1 3 2 2 2 4 2 2 5.387622
3 2 2 4 3 4 1 1 2 4 3 2 4 1 2 4 2 4 1 1 2 1 4 4 3 4 4 2 1 2 4 1 4 1 1 1 2 3 4 2 1 2 2 1 2 1 4 3 4 2 2 4 1 3 2 5.553543
1 4 1 4 2 1 1 2 4 3 2 4 3 4 4 3 2 2 4 1 3 4 4 4 2 4 2 1 1 3 1 1 2 1 4 1 4 3 4 4 2 3 3 4 4 1 3 2 4 4 1 4 2 3 2 5.681250
4 4 2 1 4 2 4 3 1 3 2 1 1 4 4 2 2 4 3 2 3 4 4 2 4 4 1 3 1 3 1 4 1 2 4 2 4 2 4 2 4 3 3 4 3 4 2 3 1 3 2 1 2 2 2 5.555830
4 2 2 4 3 3 3 1 4 1 4 4 3 3 2 4 3 2 2 4 4 4 4 4 3 3 4 2 3 2 1 2 2 4 4 1 2 2 1 4 3 2 3 1 1 1 4 3 2 4 3 4 2 3 2 5.600922
3 4 4 4 3 4 2 1 1 1 3 3 1 1 4 4 3 2 1 4 1 3 3 3 1 1 2 2 3 4 4 1 1 3 2 2 1 3 4 1 4 1 3 1 2 2 3 1 4 1 3 2 4 4 2 5.636541
4 3 4 4 1 1 1 4 1 3 4 2 4 3 4 3 1 1 4 2 4 4 3 4 3 1 2 3 4 2 4 4 3 4 1 3 2 2 2 3 1 4 2 3 3 4 3 4 3 1 3 2 2 1 2 5.591806
2 3 3 1 2 4 4 1 3 4 2 4 4 3 3 4 4 1 3 1 2 1 1 4 1 1 3 3 1 4 1 3 2 4 4 2 2 2 3 2 2 3 3 3 1 3 4 1 1 3 2 2 4 1 2 5.424102
1 4 3 2 2 4 2 1 1 1 3 1 3 4 3 4 3 1 1 2 1 1 2 4 4 2 1 1 1 3 3 4 4 3 3 4 2 3 2 4 2 3 4 1 4 4 1 1 2 1 3 2 4 1 2 5.624540
4 4 1 1 2 4 1 4 3 1 3 1 2 4 4 1 1 1 2 1 4 3 4 3 4 2 4 2 2 4 2 3 4 2 3 2 1 2 3 1 3 1 2 2 2 1 3 1 4 3 3 1 4 1 2 5.608942
3 4 1 1 1 2 2 1 3 1 3 2 1 2 4 2 4 3 2 1 2 2 4 4 1 2 4 2 1 4 2 4 3 2 4 2 3 1 2 4 1 1 4 2 2 3 2 4 4 3 4 2 1 3 2 5.723248
2 1 4 2 2 1 1 4 4 2 2 1 2 4 2 4 3 1 1 4 2 3 3 1 1 2 1 3 4 4 3 2 2 1 2 2 3 4 2 1 1 4 2 1 3 4 2 1 4 2 1 3 4 1 2 5.501305
4 4 3 3 1 4 1 1 1 2 1 1 3 4 4 1 4 4 2 2 2 3 1 4 4 3 2 1 1 2 1 4 2 2 2 1 2 1 1 1 4 4 2 3 4 4 4 3 4 4 3 2 1 4 2 5.644628
1 1 2 2 3 4 4 4 1 1 4 4 4 3 1 4 4 4 4 1 1 1 3 2 1 2 2 1 3 2 2 4 1 1 4 3 4 4 4 1 4 4 3 3 2 1 3 3 3 1 1 1 4 1 2 5.543286
4 2 4 4 3 3 2 3 4 2 3 4 1 4 3 3 1 4 1 1 4 3 4 2 2 2 2 4 3 4 3 2 2 2 2 2 4 4 4 4 4 4 3 4 1 4 3 1 1 4 4 2 4 4 2 5.562184
1 1 1 1 2 1 2 2 3 4 4 1 1 2 4 4 1 3 3 4 4 1 1 4 2 3 2 2 2 3 4 2 4 4 2 3 4 3 1 3 4 1 3 2 3 2 4 3 4 3 2 3 3 4 2 5.579111
4 2 3 1 1 2 3 4 2 4 4 3 4 2 1 3 2 2 3 4 1 3 1 1 4 3 1 2 2 3 4 3 2 1 4 2 3 3 3 3 1 1 1 3 1 1 4 2 1 3 4 4 3 4 2 5.364675
4 3 4 1 1 3 2 4 3 1 1 1 2 1 3 1 3 1 2 2 4 4 3 2 3 3 3 3 3 4 3 4 4 4 1 3 2 4 1 2 4 1 3 4 1 2 4 3 4 1 1 1 1 3 2 5.443895
1 1 2 1 1 3 1 3 1 4 1 2 4 4 1 4 2 2 4 1 3 4 1 3 4 1 1 2 2 4 4 2 1 1 3 2 4 3 3 1 3 1 4 3 1 4 1 4 2 3 3 2 1 4 2 5.402930
1 2 4 2 2 1 3 3 4 1 3 1 1 2 1 3 3 4 1 3 2 4 1 1 3 2 2 2 4 1 3 4 3 3 3 3 3 4 4 1 2 1 4 4 4 4 1 3 2 1 2 1 3 4 2 5.384537
1 4 1 2 3 1 3 4 1 4 3 3 1 4 1 2 3 3 4 4 1 2 1 3 4 1 1 1 1 2 4 1 4 1 3 3 2 3 3 3 3 1 4 1 2 2 3 4 4 2 1 2 4 3 2 5.521860
2 3 1 2 3 4 1 1 3 2 1 1 4 2 2 3 1 4 3 4 1 2 1 1 1 4 3 4 3 2 1 1 4 3 3 1 3 3 3 3 3 3 4 4 4 1 1 4 3 4 2 3 1 4 2 5.474223
2 4 1 4 2 3 4 3 4 1 4 3 3 4 3 1 1 4 1 2 4 3 1 1 4 1 2 2 2 4 1 2 1 3 1 4 1 1 2 3 3 4 3 4 3 3 1 3 1 2 1 3 1 3 2 5.366557
2 1 1 4 2 2 2 4 2 1 2 4 3 3 3 1 4 1 3 1 1 2 1 3 4 1 4 4 2 1 1 4 3 1 1 1 4 2 4 3 2 2 2 3 2 3 1 1 4 3 1 3 3 2 2 5.557923
3 3 1 1 4 2 1 1 4 1 2 1 4 1 3 1 4 1 4 4 1 1 2 3 3 2 1 3 4 2 2 1 1 2 1 3 1 2 1 3 4 2 4 4 1 2 2 3 2 3 2 1 1 2 2 5.545380
2 4 1 2 3 3 4 2 2 4 3 3 3 4 4 2 4 4 1 1 3 2 4 4 1 2 4 4 3 3 1 1 3 1 1 1 1 4 2 4 4 4 4 4 2 3 4 4 1 1 3 2 2 4 2 5.452074
3 2 4 4 2 4 3 1 3 3 2 4 2 1 3 1 2 4 3 2 3 3 2 2 2 1 3 3 3 2 2 1 4 4 2 1 4 1 4 1 1 3 1 3 4 2 4 3 3 1 1 4 1 4 2 5.537662
2 1 3 4 4 2 1 1 1 3 2 1 2 4 2 2 1 2 1 3 2 4 2 1 4 3 3 2 3 2 2 1 1 1 2 4 3 4 4 1 4 3 3 3 1 3 4 3 4 2 3 4 1 1 2 5.396270
3 3 4 1 2 1 1 1 2 1 4 1 1 3 2 3 2 1 3 2 4 1 2 4 4 1 4 3 2 3 1 1 4 4 2 2 2 1 4 1 3 1 4 2 1 3 4 2 1 3 1 2 4 2 2 5.478353
4 2 3 2 2 3 3 3 4 1 2 4 3 4 2 4 2 4 2 1 1 3 3 1 2 1 3 1 3 2 3 4 4 4 4 4 2 2 4 1 3 2 4 1 3 2 4 4 1 2 4 1 2 3 2 5.374018
2 4 1 4 4 1 4 2 3 2 3 2 3 1 1 3 2 2 3 4 4 1 1 2 1 2 2 2 2 2 1 2 4 3 1 3 4 1 4 1 3 3 2 1 1 4 4 4 3 2 3 1 4 3 2 5.610796
4 2 4 2 3 2 2 3 3 2 4 3 1 2 1 1 3 1 4 2 2 1 1 4 3 3 2 2 4 1 1 3 3 3 2 2 4 1 3 3 3 1 3 2 1 1 2 1 2 4 3 4 1 4 2 5.442133
1 4 4 4 4 1 4 2 3 3 3 3 2 4 1 2 3 3 1 3 4 2 2 2 3 3 1 1 4 2 4 2 1 2 4 1 4 2 4 4 4 1 3 2 1 4 3 3 4 2 1 1 4 4 2 5.559720
4 2 4 1 2 3 2 2 3 3 4 1 4 2 4 1 1 4 1 2 4 4 2 1 4 4 1 3 4 2 4 1 3 4 3 3 4 4 4 4 3 4 2 3 4 4 3 4 1 4 3 1 2 3 2 5.468348
3 4 3 4 1 2 2 1 4 3 4 4 1 3 2 1 2 4 3 2 2 1 1 3 2 3 4 3 2 1 3 2 1 1 2 3 3 4 3 3 1 4 4 2 1 4 4 4 3 3 1 3 3 3 2 5.582104
2 1 4 3 3 1 4 3 2 3 2 1 3 2 3 1 1 4 2 2 3 4 2 3 1 1 4 2 1 1 3 1 1 1 3 2 1 2 4 3 4 2 2 4 4 2 4 3 1 4 1 3 2 3 2 5.351864
2 3 2 4 4 4 2 4 2 4 2 4 1 1 1 4 4 4 3 3 3 3 2 4 1 4 4 2 4 2 4 3 3 1 2 1 3 2 3 2 4 3 3 3 2 4 2 2 2 1 1 3 2 2 2 5.329345
3 4 3 3 1 3 3 3 1 4 1 1 4 2 2 3 1 4 3 4 4 2 3 3 1 3 3 4 3 2 3 3 3 2 4 4 1 3 3 4 3 3 3 3 4 2 2 3 4 3 1 4 3 2 2 5.438347
2 1 1 2 1 1 3 3 4 3 1 1 3 2 1 3 3 2 4 1 4 4 4 1 1 3 3 2 3 3 2 1 1 1 4 1 1 2 4 4 3 4 1 3 2 4 2 3 3 3 1 1 4 2 2 5.316253
3 2 4 1 2 3 3 3 2 2 3 2 2 2 2 1 2 3 2 4 2 2 3 4 1 2 1 3 1 1 1 3 3 2 3 1 2 1 2 4 4 1 3 4 3 3 3 4 3 2 4 4 4 4 2 5.368528
2 4 1 1 1 3 1 2 3 4 2 4 3 3 4 2 4 4 4 1 2 2 4 4 3 1 1 1 4 3 3 4 2 3 1 1 2 4 1 3 1 1 2 2 1 2 3 2 4 2 4 2 3 1 2 5.526315
1 2 1 2 1 3 3 4 3 1 2 3 1 4 4 1 4 1 4 1 1 3 3 4 2 3 3 4 3 2 2 3 3 3 2 2 2 4 2 4 2 4 1 1 4 2 1 1 3 3 1 1 1 4 2 5.650688
4 2 1 2 4 1 2 1 2 3 3 3 1 1 3 2 3 3 2 3 4 3 2 1 3 4 4 3 2 1 1 1 1 2 4 4 2 2 1 2 4 1 1 3 2 3 4 3 2 1 3 3 2 3 2 5.512515
2 4 4 4 1 2 1 2 1 4 1 4 4 4 2 3 3 3 3 3 2 2 2 3 1 4 4 4 1 1 2 1 4 4 2 3 3 3 4 4 3 3 1 4 3 4 1 4 1 2 1 4 4 2 2 5.596095
4 3 2 2 1 1 2 4 3 1 1 4 2 2 4 4 1 1 2 2 3 1 2 3 3 3 1 4 1 1 1 4 4 2 1 2 3 3 1 2 4 1 3 3 4 1 1 4 3 3 2 2 1 1 2 5.532887
4 2 1 1 2 2 1 3 3 2 4 4 3 2 4 1 1 3 2 1 2 4 1 3 3 4 2 4 3 1 3 4 1 2 4 4 1 1 2 4 2 3 2 4 4 1 1 3 1 1 2 1 3 2 2 5.483484
4 2 2 2 3 1 4 4 4 3 2 1 4 4 1 4 1 2 3 4 3 3 4 1 3 4 4 3 2 4 1 2 1 2 4 2 3 3 3 1 2 3 1 1 4 3 1 1 2 1 1 3 2 1 2 5.415441
1 2 4 2 4 4 4 2 4 3 2 4 4 1 1 4 4 2 4 2 1 3 4 1 3 4 3 2 2 2 1 3 3 2 4 4 3 3 3 4 2 2 2 4 4 2 3 4 4 1 2 3 3 2 2 5.696761
3 1 3 3 1 4 3 2 2 2 3 4 3 3 4 1 4 2 2 3 4 3 4 2 3 3 4 1 4 3 2 1 3 3 1 4 1 1 1 2 2 1 3 2 3 4 1 2 4 1 3 2 2 2 2 5.416585
3 2 4 2 1 4 4 4 1 2 4 2 2 3 4 3 1 3 3 2 3 2 3 4 4 3 1 2 2 3 2 4 1 3 1 1 4 4 2 2 4 4 2 1 2 3 3 2 1 2 4 4 2 4 2 5.744945
3 3 1 1 1 4 3 2 2 2 4 4 1 1 4 1 3 2 2 1 4 3 2 1 4 2 4 1 3 4 1 4 2 2 1 4 4 3 4 2 4 4 4 3 2 4 4 4 3 1 3 2 2 4 2 5.474286
3 4 3 1 3 3 3 2 1 2 4 1 2 4 3 1 3 4 1 3 1 3 2 4 3 1 1 3 2 3 4 1 2 4 1 4 2 1 1 4 4 1 3 1 2 3 4 2 4 3 1 3 1 1 2 5.409555
2 4 1 1 2 2 1 4 2 2 2 1 1 1 1 4 1 1 2 1 3 3 4 2 2 2 1 1 2 1 2 3 3 1 1 4 1 3 1 2 4 1 1 1 3 3 4 2 2 2 2 2 2 3 2 5.726803
2 1 2 1 1 2 2 4 3 2 2 4 1 1 1 4 4 1 2 3 3 1 3 4 3 1 1 4 1 3 4 2 1 1 2 2 2 2 1 2 1 1 3 4 3 4 1 3 4 2 3 2 1 4 2 5.595240
4 4 4 4 1 3 1 3 2 4 1 1 3 4 3 4 1 4 3 3 1 3 3 2 1 4 3 3 2 2 4 4 4 2 1 1 3 4 4 3 2 1 3 3 3 3 2 2 4 4 2 1 4 1 2 5.484210
1 2 1 3 3 3 4 1 4 4 2 4 3 1 4 4 3 4 1 2 4 4 3 1 2 3 1 3 1 3 2 2 2 4 2 2 3 4 4 3 1 1 1 4 3 1 3 1 2 4 1 4 2 2 2 5.631346
4 4 1 1 1 1 2 2 4 3 3 2 4 4 1 2 3 1 3 3 2 4 1 2 3 1 3 2 1 1 3 4 3 4 4 4 4 2 2 2 4 2 3 1 4 2 2 4 3 4 4 2 2 4 2 5.692189
1 2 2 1 2 3 4 4 3 2 2 2 1 1 1 3 1 2 4 4 3 4 4 1 1 3 3 1 4 2 4 4 3 1 2 4 4 3 4 3 2 1 2 3 2 4 4 4 2 2 4 2 1 2 2 5.328621
1 1 4 2 1 2 3 3 4 2 2 4 4 4 2 3 4 2 2 2 1 2 4 2 4 1 1 4 4 2 4 4 4 1 4 4 3 2 4 1 2 1 3 4 1 4 1 3 3 2 4 1 1 2 2 5.516928
1 2 1 3 2 3 3 3 4 1 4 1 2 3 3 3 1 4 4 3 1 3 2 2 3 2 3 3 1 3 2 1 1 2 4 4 1 1 1 3 1 2 2 1 3 3 3 1 4 4 4 1 1 3 2 5.415845
1 3 3 1 4 1 3 3 4 1 3 4 2 2 1 4 3 3 1 2 4 4 2 2 1 1 4 1 3 2 2 4 3 4 4 3 4 4 2 3 1 2 3 3 1 4 1 4 1 3 3 2 3 2 2 5.527911
2 3 1 1 2 4 1 2 1 1 3 1 3 1 1 1 1 1 3 3 2 2 4 2 2 1 3 1 1 2 1 2 4 1 1 1 2 2 4 1 2 2 1 2 3 2 1 2 3 2 2 1 3 4 2 5.631556
2 1 2 1 1 2 1 1 2 1 3 1 3 4 3 4 2 1 1 1 3 3 4 2 1 1 2 2 1 2 1 3 2 2 2 1 1 1 2 3 1 2 2 3 3 2 4 2 4 4 1 1 4 2 2 5.538835
2 1 2 4 2 4 1 4 2 2 1 4 4 3 4 1 3 3 3 2 3 2 4 4 1 3 1 4 2 2 3 2 1 1 2 2 2 1 4 2 2 2 4 1 3 3 3 3 3 2 2 2 3 2 2 5.655551
3 4 4 3 1 4 4 4 2 2 2 3 3 3 4 2 2 2 3 4 1 1 2 1 3 4 2 2 3 3 3 1 3 2 1 1 2 2 2 3 1 2 1 4 1 1 1 3 3 1 4 3 4 4 2 5.475995
3 1 4 4 2 4 3 3 2 1 4 2 1 3 2 2 1 4 4 1 1 2 1 2 4 4 4 3 1 1 1 4 2 1 4 1 3 3 1 1 1 1 4 3 4 4 3 3 2 4 3 2 1 1 2 5.351378
2 3 3 4 4 2 4 2 4 1 4 1 1 4 1 4 3 4 4 1 1 4 1 1 1 3 3 2 3 1 1 1 3 3 4 4 2 4 2 1 2 1 2 4 3 2 2 3 4 1 4 1 3 1 2 5.490330
1 3 3 4 3 4 1 2 3 1 2 1 2 4 3 3 2 1 4 4 3 1 2 4 3 3 1 3 4 2 1 4 2 4 2 4 3 1 4 2 3 1 4 3 1 2 1 2 4 1 4 2 2 3 2 5.523742
3 2 1 3 3 2 2 1 2 1 4 1 1 3 4 3 3 2 2 1 2 3 1 3 4 3 4 2 2 2 3 2 1 1 2 1 3 2 3 1 2 2 4 3 2 1 3 1 4 2 4 1 1 1 2 5.567542
4 4 1 1 3 1 3 1 2 4 3 4 3 3 1 1 2 1 3 2 1 2 3 2 3 4 4 1 2 3 3 2 1 4 1 1 3 4 2 3 3 4 2 1 2 1 3 4 3 2 4 2 2 3 2 5.499801
4 4 2 1 2 3 4 3 3 1 3 3 3 3 1 2 2 2 4 2 2 1 1 4 4 1 1 1 3 1 2 4 2 2 4 4 4 3 1 2 1 3 2 4 3 1 2 1 4 2 1 2 1 4 2 5.361013
4 3 1 2 1 2 1 2 4 1 3 4 2 3 4 3 3 4 2 2 3 3 1 3 3 4 4 1 4 1 2 4 1 4 4 4 3 2 3 1 3 3 1 4 3 1 2 3 3 1 1 2 2 1 2 5.595047
1 2 1 1 3 3 1 1 3 4 3 3 3 1 2 1 2 1 2 3 1 2 4 4 2 1 4 3 4 3 4 4 1 4 2 1 3 2 1 4 3 2 2 3 4 4 3 4 2 1 4 2 1 4 2 5.487209
4 3 3 3 3 2 2 3 2 2 2 1 3 2 4 3 4 1 1 2 2 1 1 2 2 2 3 4 3 2 4 2 3 3 2 2 4 2 2 2 4 2 3 3 2 3 4 2 2 1 2 1 2 4 2 5.353010
1 2 1 1 1 1 2 2 3 1 1 2 2 2 4 4 3 2 3 3 2 4 2 1 1 2 1 2 2 2 1 1 1 1 2 3 2 4 2 2 4 3 3 2 2 3 3 4 1 2 1 4 2 4 2 5.703481
1 2 2 2 4 3 2 2 1 2 2 3 4 1 1 3 2 2 2 2 3 3 1 2 1 2 2 1 4 2 3 2 1 2 2 4 4 3 4 3 1 3 3 2 3 4 2 2 1 4 3 4 2 3 2 5.345970
2 2 3 4 2 4 3 2 3 4 2 2 4 4 1 4 2 2 2 2 2 2 3 3 1 2 1 3 2 3 4 3 3 3 2 2 3 2 3 2 4 3 2 4 2 2 4 1 2 4 4 4 2 4 2 5.469261
2 4 4 3 4 4 3 4 2 3 3 1 1 2 3 1 4 4 1 1 3 4 3 3 2 3 2 2 3 3 2 2 2 2 1 2 3 1 2 2 1 3 3 3 4 3 4 2 4 3 2 4 1 3 2 5.591948
3 4 2 4 2 4 2 3 2 3 2 1 2 2 4 1 1 3 3 1 4 1 1 4 1 3 2 2 3 3 3 1 1 1 4 2 4 1 1 1 2 4 2 2 3 1 3 3 4 3 1 3 2 1 2 5.327886
2 1 2 4 1 3 1 4 1 2 2 2 2 1 3 3 1 4 1 1 4 2 3 2 1 2 3 4 2 3 3 3 4 1 1 2 3 4 1 1 4 3 3 2 3 3 2 1 1 2 2 1 1 2 2 5.348193
4 1 4 2 1 1 2 1 4 4 3 2 2 3 2 4 3 3 2 1 2 2 2 2 4 3 1 3 4 3 2 1 1 1 4 4 3 3 4 4 4 3 1 3 1 4 3 2 4 1 4 1 3 2 2 5.587937
1 2 1 1 1 2 1 4 3 4 3 4 1 2 3 3 4 3 4 4 1 2 3 4 3 2 3 4 4 1 1 4 4 1 2 3 2 3 3 3 2 3 2 4 4 3 3 2 1 4 4 4 1 4 2 5.639618
1 3 4 3 3 4 4 2 3 3 2 1 1 2 4 2 3 4 2 1 2 3 4 1 1 1 4 4 2 2 3 3 4 1 1 3 3 3 3 4 1 4 3 2 4 2 1 2 4 3 2 3 4 2 2 5.487500
3 3 1 4 1 2 2 1 2 3 4 4 4 2 2 1 3 4 1 2 3 4 1 1 4 3 4 2 3 4 3 3 3 1 3 2 1 4 1 4 4 4 3 1 3 1 2 1 3 2 1 4 3 4 2 5.440927
2 2 2 2 3 1 2 1 3 3 1 3 4 2 3 1 3 3 2 4 1 2 2 2 4 3 2 2 1 3 4 4 3 1 3 3 4 3 1 4 2 3 2 2 4 4 3 2 1 1 1 3 4 4 2 5.546711
3 2 2 1 4 2 2 2 4 2 2 1 1 2 3 3 2 2 3 3 4 3 3 2 1 3 2 3 3 3 2 2 3 3 4 4 2 2 1 2 4 2 4 1 1 1 1 2 2 3 4 2 4 3 2 5.388929
4 3 2 3 3 4 2 3 2 2 3 3 4 3 4 3 2 4 2 3 1 1 3 4 2 3 4 2 4 4 2 2 1 4 4 4 2 2 3 1 1 1 2 2 4 2 2 3 4 3 2 4 4 1 2 5.223843
1 3 2 4 2 1 1 1 3 3 3 3 4 2 1 4 4 3 3 3 4 1 1 2 2 2 1 2 3 3 1 2 4 4 1 3 3 2 2 4 3 1 4 2 3 3 1 3 1 1 2 4 4 2 2 5.535225
2 2 3 2 4 2 2 4 2 3 3 3 2 3 4 3 1 1 3 4 2 4 4 3 4 3 1 2 2 1 1 3 1 2 2 4 2 3 3 4 3 1 2 2 3 4 2 3 1 2 1 2 4 3 2 5.376088
3 2 4 3 3 3 4 2 4 2 4 3 2 2 2 4 3 4 2 4 2 3 3 3 2 3 4 2 4 1 3 3 2 2 2 1 2 2 4 1 2 1 3 4 1 1 4 3 2 4 2 2 2 1 2 5.425023
1 1 4 3 3 3 1 4 1 3 1 4 3 3 4 2 1 4 4 4 3 3 3 3 1 1 3 3 2 3 3 2 1 1 4 2 2 2 2 4 4 4 2 4 2 3 4 1 2 3 1 1 2 3 2 5.537088
4 1 3 3 3 1 4 2 1 4 1 1 1 4 3 4 1 1 2 2 2 2 1 1 4 1 2 2 3 1 2 3 2 1 2 1 1 2 4 4 1 4 2 2 2 1 1 3 1 4 2 1 1 2 2 5.660735
3 2 2 4 2 3 2 3 2 1 4 4 3 3 4 1 1 1 1 4 2 1 1 4 1 4 4 3 3 2 3 3 4 3 4 4 3 2 4 4 2 1 1 2 4 1 3 1 4 4 1 3 4 3 2 5.447079
3 1 4 2 4 4 1 4 4 4 4 3 4 2 1 3 1 1 1 4 2 3 4 1 2 4 4 4 2 3 2 4 4 1 4 4 2 4 1 3 4 4 4 4 1 2 3 1 2 2 1 3 4 2 2 5.631473
2 3 3 3 2 4 3 4 4 2 1 2 1 2 2 4 3 3 3 3 3 2 2 1 2 1 1 3 4 3 2 1 2 4 2 3 1 2 4 2 3 3 4 1 3 3 2 1 2 3 4 2 3 2 2 5.384220
2 4 2 4 3 4 3 2 2 3 1 3 3 2 2 4 3 1 4 2 1 2 1 1 2 3 4 3 4 4 3 1 2 3 2 3 1 1 3 2 2 2 2 4 4 2 4 1 1 4 3 4 3 2 2 5.648525
2 4 4 1 3 3 2 1 1 1 1 3 4 4 3 2 1 3 3 3 1 4 4 2 3 3 3 1 2 2 4 3 2 1 2 3 3 2 4 3 3 3 3 2 4 1 2 4 4 1 2 1 2 3 2 5.439907
3 4 3 2 1 1 2 4 2 3 4 4 4 4 2 1 1 2 3 3 4 3 2 3 3 3 3 1 2 1 1 1 3 3 1 2 1 3 2 1 3 1 4 4 3 1 4 2 1 4 1 3 3 4 2 5.436664
3 2 2 4 2 3 4 3 2 2 3 4 3 4 4 4 1 2 1 4 4 3 4 1 1 2 1 3 2 3 1 3 4 3 3 4 1 1 3 2 1 1 1 4 1 4 1 2 4 3 1 3 2 4 2 5.356691
2 2 1 4 3 2 3 4 1 4 2 3 4 1 2 1 2 3 2 4 2 1 4 4 3 4 3 2 4 1 1 3 1 3 2 2 4 2 4 3 2 4 3 3 2 1 4 2 3 1 1 3 1 3 2 5.516677
2 1 2 2 3 2 1 4 3 1 1 4 1 1 3 1 2 1 2 4 4 1 2 1 2 2 2 1 4 2 4 1 4 3 1 3 1 4 1 2 4 2 3 1 1 2 1 4 1 1 4 1 4 4 2 5.481465
2 3 2 4 2 2 1 4 1 2 4 1 1 3 1 1 1 2 1 3 3 3 2 1 4 2 1 1 4 1 1 4 3 1 2 1 3 4 1 2 2 2 3 1 2 2 2 2 3 2 3 1 1 2 2 5.658615
3 3 2 2 1 4 3 3 1 3 4 4 2 1 1 4 2 4 1 2 1 2 2 4 4 4 3 1 4 1 1 2 2 2 2 2 1 3 1 1 2 2 3 3 1 4 1 4 2 2 1 3 3 1 2 5.395055
1 3 3 1 4 3 4 1 4 4 3 1 2 3 3 4 4 4 2 4 3 2 2 4 2 1 2 2 1 3 3 4 4 2 1 4 4 2 2 3 3 3 1 1 4 4 4 4 1 1 1 4 4 4 2 5.583546
2 3 4 2 4 2 3 3 1 1 3 2 4 3 3 4 3 2 4 1 2 4 2 3 4 3 1 2 1 3 2 1 2 2 4 3 2 3 1 1 2 2 3 4 4 1 1 2 3 4 1 1 2 4 2 5.444079
1 3 2 1 3 4 1 3 3 4 4 4 4 3 1 1 1 3 3 4 3 4 3 3 1 1 4 1 1 3 1 4 3 4 2 1 3 2 3 2 1 1 3 4 3 3 4 4 2 1 1 1 3 1 2 5.588352
4 2 3 3 3 4 4 1 3 3 1 1 1 1 1 3 3 4 3 2 3 3 4 3 3 4 4 4 1 3 3 4 4 3 3 2 3 4 2 1 4 2 3 4 3 4 3 1 3 4 3 3 1 3 2 5.481572
3 3 4 2 1 3 4 2 2 3 3 4 3 2 1 1 3 3 1 3 1 1 3 2 1 2 1 1 2 3 4 2 4 4 2 4 3 3 4 3 4 4 1 4 1 4 2 1 1 4 3 4 1 4 2 5.513255
3 1 2 2 2 2 3 3 2 2 2 1 1 1 3 2 2 3 4 3 1 3 1 4 2 4 4 2 2 1 4 3 1 2 1 2 1 1 1 2 4 2 3 2 3 2 2 3 4 3 1 3 1 4 2 5.394829
2 3 2 2 4 2 2 4 2 1 4 2 3 3 2 4 1 1 4 2 3 4 1 1 2 4 3 1 4 4 1 3 2 1 3 4 1 2 4 2 4 2 2 1 2 3 3 3 2 1 4 3 4 4 2 5.337652
3 3 4 4 3 4 3 4 4 4 1 4 1 3 4 4 4 2 3 2 2 1 2 2 2 4 1 1 2 1 4 3 3 3 2 1 4 4 3 4 2 3 1 4 4 3 2 2 4 4 1 3 3 3 2 5.706154
1 2 4 2 1 1 4 2 3 3 2 1 4 2 4 1 2 3 3 4 3 3 3 1 2 3 2 3 3 1 3 1 3 2 2 2 2 1 1 2 1 1 4 4 1 1 1 3 4 1 1 3 4 3 2 5.556856
4 4 2 2 2 4 1 3 4 2 2 3 3 1 3 4 4 3 1 3 3 3 1 2 3 3 1 2 3 3 3 1 2 4 4 4 4 1 1 1 1 3 3 2 3 4 2 2 1 4 1 2 1 1 2 5.360699
1 3 3 4 2 1 1 1 1 1 1 1 4 4 1 1 1 2 1 4 1 2 2 2 1 1 4 4 4 4 2 1 2 3 2 4 3 2 1 3 2 2 4 1 4 2 1 3 2 2 3 2 1 4 2 5.415548
2 2 1 4 2 3 3 4 3 4 3 4 1 1 3 2 4 4 3 1 4 3 3 4 2 1 1 1 3 2 2 3 3 4 1 1 3 4 4 4 1 3 3 1 4 4 3 1 3 3 2 4 4 1 2 5.448809
1 1 1 3 1 4 3 3 1 4 4 3 4 1 2 2 3 4 1 3 3 1 2 2 4 3 2 4 2 1 3 4 1 1 2 2 3 4 2 1 3 2 3 1 4 4 1 1 4 3 2 4 1 1 2 5.445887
2 3 2 1 3 1 3 4 3 2 3 2 2 4 1 2 3 1 2 1 2 2 1 4 2 3 2 3 4 2 3 1 1 4 1 1 1 1 2 4 1 2 3 3 3 4 1 4 1 1 3 2 4 3 2 5.299246
4 2 3 2 3 1 2 3 3 1 2 2 3 4 2 1 2 4 3 1 3 2 4 1 3 1 2 1 3 3 3 4 2 2 4 4 2 4 2 3 4 3 1 1 3 1 1 3 4 2 4 3 4 4 2 5.527552
2 2 2 3 1 2 2 1 2 1 2 2 2 3 3 4 3 4 3 4 2 2 1 3 4 3 2 2 2 4 3 4 2 3 1 4 1 4 2 4 2 3 4 1 3 1 4 4 4 4 2 1 4 4 2 5.404451
1 1 1 2 4 2 3 3 3 2 2 4 4 1 1 1 3 2 3 1 2 3 1 1 3 2 4 3 3 2 3 4 3 3 2 2 4 1 1 4 4 3 3 1 3 1 4 1 3 2 1 2 2 1 2 5.431509
1 1 2 2 2 1 3 2 3 2 1 1 4 1 1 4 4 1 1 3 2 3 3 2 3 4 1 2 4 2 2 2 4 1 4 2 3 2 2 3 3 3 1 2 3 1 3 1 3 3 3 1 2 2 2 5.621396
3 4 3 3 2 2 3 4 2 1 1 3 1 4 2 1 3 3 4 3 3 1 1 4 1 2 2 1 3 2 1 3 1 2 2 2 3 2 1 3 1 2 2 4 2 1 2 3 3 1 2 3 2 2 2 5.452693
4 4 4 4 4 1 2 1 1 3 1 2 1 4 4 3 1 3 4 4 2 4 1 3 4 4 3 2 3 2 2 3 1 2 4 2 3 1 1 4 1 4 4 1 2 4 2 4 3 3 1 1 4 3 2 5.648397
3 3 3 2 3 4 1 4 2 2 1 4 3 1 4 3 3 1 1 3 1 4 3 2 4 3 1 4 2 2 4 1 2 1 2 2 1 2 2 4 1 1 3 3 2 3 3 3 3 2 1 2 3 2 2 5.447463
4 1 1 3 1 1 2 1 3 2 3 2 3 1 4 1 2 1 4 1 2 4 2 4 4 2 1 1 1 3 3 2 3 1 1 2 3 1 4 1 3 3 1 3 2 4 1 2 4 4 2 2 4 3 2 5.732613
1 3 3 3 3 4 3 1 1 2 3 3 3 4 2 4 2 4 1 3 2 1 1 3 4 3 2 3 1 2 4 4 1 4 2 1 2 4 3 2 2 2 4 3 3 4 4 4 1 1 1 4 4 3 2 5.440126
4 1 1 4 3 4 4 2 2 3 3 2 1 4 3 3 1 4 3 1 4 3 1 2 4 4 4 2 1 1 2 2 4 2 4 3 3 4 4 3 2 2 4 4 3 1 2 4 1 2 4 4 4 4 2 5.548493
3 2 4 2 3 1 1 2 3 2 4 2 3 1 4 3 2 3 1 3 1 2 4 4 4 4 1 1 1 4 2 4 3 4 4 4 2 4 4 2 4 1 1 4 2 2 1 1 1 2 3 4 4 1 2 5.479504
1 1 2 4 3 3 3 3 3 4 1 4 2 1 3 3 2 1 1 4 2 1 4 3 1 2 2 3 4 1 4 3 2 2 2 2 4 4 4 1 1 4 3 3 3 2 4 4 2 3 3 4 4 2 2 5.533752
3 3 2 2 4 3 4 1 4 3 1 3 2 1 3 3 1 2 3 3 4 2 2 2 3 2 1 1 2 3 2 1 4 4 2 3 4 3 4 1 4 1 3 1 3 3 2 2 1 2 2 1 2 3 2 5.479360
2 3 3 4 1 2 2 3 3 1 1 2 3 4 1 2 4 3 2 3 3 1 4 4 3 3 3 4 2 3 3 3 3 1 2 3 4 2 2 2 4 3 3 2 2 2 2 4 4 1 3 1 1 3 2 5.317702
4 1 2 4 3 3 3 2 1 4 4 3 4 1 2 3 3 1 4 1 3 4 4 2 3 1 2 3 3 1 1 1 1 3 1 1 2 2 4 1 1 1 4 4 1 1 1 4 4 2 4 3 2 2 2 5.453524
2 4 2 4 2 2 2 3 4 1 4 3 1 3 3 1 4 2 4 4 4 2 2 4 1 1 4 2 3 2 1 2 4 1 4 4 3 1 1 3 3 1 2 3 1 2 2 1 3 3 3 2 2 3 2 5.438866
4 3 1 2 4 2 1 1 2 1 4 4 4 4 3 4 3 4 2 2 4 1 2 4 1 1 2 3 1 2 2 2 1 2 3 2 1 4 2 2 3 1 1 1 1 4 1 4 2 3 2 4 1 3 2 5.577385
1 1 1 1 4 1 3 2 3 3 1 3 4 2 4 4 2 3 2 4 4 4 1 3 2 1 1 3 4 2 3 2 1 2 4 1 1 4 3 1 4 3 3 3 1 2 4 1 4 1 1 3 1 3 2 5.661899
4 2 3 3 4 2 2 1 1 3 3 3 4 1 1 3 2 1 4 1 2 3 1 1 1 4 4 1 2 1 3 4 3 3 1 1 4 3 3 4 2 3 4 4 3 4 1 2 2 1 1 4 1 4 2 5.497628
4 4 2 4 4 4 1 4 2 2 3 2 2 1 2 3 4 2 3 4 2 2 1 4 4 1 2 2 3 1 1 3 3 3 4 3 2 3 4 3 4 1 1 4 4 3 1 3 4 4 2 2 4 3 2 5.416367
3 3 4 2 2 4 3 2 4 4 2 1 2 4 2 3 3 4 4 4 3 1 3 4 3 1 4 2 1 3 2 4 1 2 3 3 4 1 3 1 3 3 4 2 2 4 1 1 3 3 3 1 2 2 2 5.594137
4 3 2 4 4 2 2 2 1 4 2 4 2 1 4 4 4 3 4 1 2 2 1 4 4 1 2 4 1 3 4 3 2 2 2 2 4 4 3 1 1 1 1 2 4 2 3 4 4 1 4 2 1 1 2 5.521788
2 2 2 2 4 2 2 4 2 3 3 1 2 4 2 1 2 4 4 3 4 1 4 1 2 4 2 4 3 3 3 4 4 2 4 4 2 1 1 1 1 1 4 2 3 4 1 2 1 2 4 1 4 2 2 5.665299
2 4 3 3 3 3 2 3 1 4 1 3 2 4 3 3 3 4 4 4 1 2 4 4 2 1 3 1 4 1 2 3 3 2 2 1 1 3 4 1 2 2 1 1 3 4 3 2 2 1 2 4 1 4 2 5.344404
3 2 2 1 1 3 1 2 2 4 2 1 3 4 4 3 2 1 4 1 2 3 2 4 4 1 1 2 1 4 3 1 4 2 2 2 1 2 4 4 4 1 3 2 1 1 1 1 1 4 4 1 4 3 2 5.413592
2 2 2 1 3 2 2 3 1 1 1 4 4 3 1 1 2 1 2 1 4 1 1 1 4 2 1 4 3 4 4 1 2 3 3 1 3 1 2 2 1 1 3 1 4 4 2 3 1 3 1 1 3 1 2 5.505250
4 4 3 1 3 3 3 3 2 4 4 2 3 3 3 3 3 3 3 4 4 3 4 3 2 4 4 3 4 1 3 3 2 2 4 3 2 3 3 1 1 2 2 1 3 2 4 2 4 4 1 4 2 2 2 5.448633
2 3 3 3 2 4 2 3 3 1 2 2 3 3 3 2 2 2 4 3 1 1 3 2 3 3 4 3 4 1 1 4 3 4 4 3 1 2 3 4 2 2 4 4 1 4 3 1 3 3 1 1 1 3 2 5.309031
3 2 3 1 4 3 1 3 2 3 1 2 1 1 2 3 3 1 3 2 1 3 2 1 3 1 2 4 1 3 4 3 1 4 1 4 2 4 2 2 2 1 3 3 4 1 3 2 2 2 3 2 3 3 2 5.474720
4 4 1 3 4 3 3 1 3 4 4 4 1 1 3 2 2 2 4 1 2 4 3 1 1 4 3 3 3 4 3 4 3 3 2 2 3 2 4 1 4 4 2 2 3 1 3 4 1 3 4 4 1 3 2 5.477616
3 3 1 2 3 4 2 3 4 4 1 4 4 3 2 4 4 1 3 3 4 4 4 2 3 3 2 3 1 3 3 4 1 1 4 4 4 2 4 4 4 2 3 1 1 2 3 4 2 4 1 2 1 1 2 5.381275
3 3 4 2 3 3 1 2 4 3 3 3 3 1 4 4 3 3 1 3 2 4 2 4 3 1 1 2 3 4 4 1 1 3 2 3 3 2 3 1 1 4 1 1 4 3 4 2 4 4 2 1 3 3 2 5.431348
4 4 1 2 1 4 1 1 1 4 1 4 2 4 4 1 1 1 2 3 2 4 4 1 2 3 3 3 2 3 4 1 2 1 4 1 3 1 3 4 4 2 2 2 4 1 2 4 2 1 1 2 1 4 2 5.625790
2 3 3 3 3 3 4 3 3 3 2 4 3 3 1 4 2 3 1 4 1 2 4 1 3 4 3 1 2 2 3 2 1 2 1 3 3 3 1 1 3 2 3 4 4 4 4 2 1 3 4 1 3 1 2 5.350738
2 4 2 1 2 2 3 4 3 2 1 3 2 1 2 4 3 3 2 4 3 1 4 1 4 2 3 4 2 1 4 3 3 4 2 4 4 4 4 3 2 2 4 2 4 1 4 3 2 3 2 4 1 1 2 5.480052
4 2 3 3 4 4 2 2 4 1 1 1 3 1 2 4 3 2 3 4 1 2 1 2 2 3 2 3 4 1 4 2 2 4 4 4 3 1 1 4 2 2 3 2 3 2 4 4 1 1 4 4 1 2 2 5.511809
2 2 1 4 4 2 4 4 3 1 1 1 2 4 2 4 4 1 2 4 2 3 4 2 1 4 4 2 4 4 2 4 3 4 1 1 4 2 4 1 1 2 1 2 3 3 3 3 2 2 4 1 1 2 2 5.621373
4 4 4 4 4 2 2 2 2 2 3 3 4 1 4 2 2 4 4 3 3 4 3 2 2 2 2 4 4 4 1 3 4 2 4 3 2 2 2 4 4 2 3 3 4 2 4 3 2 3 3 4 2 2 2 5.510304
4 4 4 2 2 4 2 3 4 2 4 4 4 1 4 2 3 2 3 4 2 4 4 1 4 2 4 2 2 3 1 3 1 1 3 4 2 4 1 2 1 2 4 4 4 2 1 3 4 2 4 1 4 1 2 5.484661
1 1 3 4 2 2 2 2 3 2 4 4 4 3 4 2 3 3 4 3 4 4 4 2 3 3 4 2 2 3 1 4 4 1 4 4 4 2 2 4 4 2 4 3 2 4 2 3 4 2 2 1 2 1 2 5.569890
3 4 4 2 1 3 3 2 2 2 2 2 3 3 4 4 3 4 3 4 4 1 1 2 4 4 4 3 4 4 1 3 3 3 2 1 3 2 3 4 4 2 1 4 1 4 2 3 2 3 1 2 2 2 2 5.650475
4 2 3 4 2 2 2 4 1 3 2 3 4 3 2 3 3 2 3 2 4 3 1 3 4 4 4 4 4 1 3 3 2 1 3 2 1 3 4 2 2 4 1 4 4 2 1 2 2 2 4 4 4 1 2 5.340909
2 2 2 2 2 3 3 2 4 4 2 2 4 3 2 1 2 4 4 2 4 4 1 3 4 4 2 2 3 3 3 4 2 3 2 2 4 2 1 1 1 4 3 4 3 4 1 3 3 1 4 2 3 4 2 5.325193
3 3 3 2 2 2 4 1 4 4 2 2 2 3 2 1 2 2 3 2 4 3 1 3 3 2 2 3 3 3 3 1 4 4 4 4 4 4 4 3 2 4 1 4 3 4 3 2 3 3 4 3 3 1 2 5.335527
1 1 2 1 1 2 3 2 1 4 3 3 1 1 2 4 1 3 1 1 3 2 3 4 3 1 2 1 4 3 3 2 2 3 2 2 4 4 2 4 1 2 1 3 2 1 4 2 1 3 3 1 1 4 2 5.498385
2 2 3 3 1 3 1 2 1 1 4 3 4 1 2 1 1 1 1 3 1 2 1 3 2 1 1 4 4 4 1 1 3 3 1 2 1 2 1 1 4 3 2 4 2 2 3 4 1 1 1 1 1 2 2 5.631136
2 1 2 4 2 4 2 1 4 1 3 1 3 1 2 4 3 4 3 1 1 1 3 1 2 1 1 1 1 3 3 2 2 3 4 3 4 4 4 1 2 2 1 2 2 1 1 2 3 2 4 4 1 4 2 5.631631
3 1 4 1 2 3 2 3 4 4 2 3 3 3 4 1 1 2 3 4 4 3 3 1 2 4 1 1 2 3 3 3 2 2 3 3 2 1 3 2 2 4 4 4 3 1 3 3 2 3 1 1 2 3 2 5.342258
3 4 2 4 3 2 1 1 2 2 4 3 4 2 3 3 1 3 1 1 2 3 2 3 4 1 2 3 4 3 3 2 1 3 2 2 1 4 2 2 3 3 3 4 1 4 3 2 1 3 2 3 3 2 2 5.388272
1 3 3 3 4 1 3 2 2 1 4 4 4 3 3 3 4 4 3 1 2 1 1 1 1 3 3 3 1 2 1 1 2 2 4 4 3 4 4 1 1 1 4 1 4 2 2 1 3 1 3 3 4 2 2 5.560609
4 3 3 2 3 2 1 4 4 4 1 4 3 1 2 4 2 3 1 1 4 2 4 1 1 1 1 1 4 1 3 3 2 1 4 1 4 1 3 3 4 4 3 1 1 4 1 2 2 2 2 2 1 4 2 5.594984
4 4 3 4 4 4 3 3 1 2 4 1 3 1 1 3 3 2 1 3 1 1 2 3 3 2 4 3 3 4 1 4 1 3 3 1 1 4 3 1 3 3 2 2 2 4 2 1 3 3 2 1 4 3 2 5.462561
3 3 2 3 3 3 2 4 3 2 4 2 4 2 1 3 4 1 2 3 3 4 1 2 3 3 3 2 2 4 3 3 1 3 2 2 1 2 3 2 4 3 3 1 1 2 1 4 2 3 3 2 4 4 2 5.421219
2 3 3 3 2 3 4 3 3 3 1 2 3 4 1 3 4 4 2 3 3 2 1 3 3 4 1 3 2 2 1 1 1 1 3 2 2 1 4 4 4 3 3 3 2 3 1 2 2 2 1 1 1 3 2 5.269659
2 4 3 3 1 1 2 4 2 4 3 4 4 4 4 4 2 1 3 2 3 3 4 1 1 4 2 2 3 4 4 4 4 2 2 4 2 4 4 3 1 4 1 3 2 2 4 2 1 4 3 1 2 2 2 5.580070
2 2 2 2 4 4 4 2 3 3 2 1 2 4 4 2 3 4 4 4 2 2 2 4 4 4 1 1 3 2 4 2 4 3 3 3 2 2 2 4 4 4 3 2 2 1 4 2 2 2 4 4 2 2 2 5.403019
4 2 2 4 4 2 2 2 4 2 3 3 2 4 4 3 1 4 3 4 3 4 4 4 2 2 2 4 2 2 4 4 2 2 4 2 2 2 4 4 4 2 4 2 4 1 4 2 3 1 2 2 2 4 2 5.523090
2 4 4 2 2 3 3 3 2 1 2 1 2 2 2 3 2 2 4 4 2 2 4 4 2 1 3 2 3 4 2 2 4 2 2 2 1 4 4 2 4 4 4 2 2 3 4 2 3 2 4 4 1 4 2 5.374989
2 3 3 3 2 2 1 4 2 2 1 4 4 2 3 1 1 4 4 4 2 4 2 2 2 3 1 2 2 1 4 2 4 1 1 4 4 4 4 2 3 2 4 2 4 3 2 1 2 2 4 1 4 3 2 5.533840
2 2 1 3 3 2 3 1 2 2 1 4 4 2 3 3 4 1 4 3 4 4 2 2 4 3 2 2 1 1 4 4 4 2 4 3 2 4 4 4 4 2 2 4 1 4 2 1 2 2 2 1 3 3 2 5.421130
4 1 1 2 3 1 3 1 1 1 2 1 4 3 3 2 3 4 3 4 4 4 1 1 4 1 2 2 4 1 1 1 2 2 4 2 4 4 4 1 2 3 4 2 4 3 2 1 2 4 4 1 4 2 2 5.428460
1 1 1 1 1 1 2 1 1 1 4 2 1 4 1 2 4 4 3 3 3 1 4 1 1 1 3 2 2 4 1 2 1 2 3 2 4 2 1 3 3 4 1 2 3 4 1 4 2 3 3 1 4 3 2 5.608719
1 1 2 1 2 1 1 1 1 1 4 3 3 1 3 3 4 3 2 1 3 4 4 1 1 1 3 3 1 2 1 2 4 2 1 4 1 4 3 2 3 4 3 2 1 4 1 1 1 1 2 1 3 3 2 5.497095
1 3 3 3 4 1 4 2 4 2 3 4 1 2 4 1 4 2 1 2 3 4 3 2 3 3 2 4 2 3 2 4 3 1 4 4 1 1 4 4 3 4 1 2 2 2 2 2 4 3 3 2 4 4 2 5.358216
4 2 2 2 4 3 3 3 4 3 1 2 4 4 3 1 4 1 2 2 2 2 1 4 4 2 2 4 3 1 4 4 4 2 2 1 2 4 1 2 3 4 4 3 1 3 1 2 4 1 1 2 3 4 2 5.422389
3 3 2 2 3 1 1 1 2 1 4 3 2 4 4 1 4 2 4 4 2 4 4 4 2 4 3 4 4 1 1 1 3 2 4 3 3 4 2 2 4 4 1 2 3 1 4 3 2 1 3 4 3 3 2 5.545577
3 2 3 3 1 4 2 1 4 4 1 1 1 1 4 1 3 1 2 2 3 4 4 4 2 1 1 3 3 3 2 3 2 1 4 4 4 4 2 1 3 1 1 4 1 4 1 2 1 3 2 4 4 3 2 5.585367
1 2 2 1 4 1 1 3 3 1 2 1 4 1 3 3 3 1 2 4 4 3 1 3 2 2 4 1 3 4 3 4 1 3 2 1 2 4 4 3 4 1 1 4 4 4 1 3 4 3 2 4 4 1 2 5.661731
1 2 1 3 1 4 2 1 4 3 1 4 1 2 2 2 3 4 1 1 2 3 4 1 4 3 3 3 1 1 2 1 1 2 3 4 4 3 1 3 4 4 3 3 3 1 1 4 1 4 1 3 2 1 2 5.492680
4 1 2 4 4 3 3 3 4 4 3 2 4 4 2 4 1 2 2 1 1 1 4 4 2 2 3 3 4 4 4 4 1 3 1 1 2 1 4 3 4 2 2 2 4 2 2 4 3 3 1 4 2 4 2 5.580120
4 3 4 3 3 1 1 3 2 3 2 3 4 3 4 3 2 2 4 4 4 3 4 3 3 4 2 3 1 1 4 3 3 3 2 3 2 3 2 1 2 1 1 2 3 3 4 3 2 1 1 2 4 1 2 5.495519
3 3 1 2 3 3 3 1 4 2 2 2 1 2 1 3 4 4 3 4 1 4 2 3 3 1 1 1 1 3 2 3 3 2 3 3 3 3 1 4 4 4 4 1 4 3 1 3 2 1 2 2 4 4 2 5.491367
1 3 3 1 2 4 2 2 2 4 4 4 1 3 1 1 4 4 3 2 1 3 2 3 3 3 1 4 3 2 3 4 4 2 1 3 1 1 4 2 4 4 3 1 1 2 3 3 3 1 2 1 3 3 2 5.409937
3 3 3 3 1 2 3 2 2 4 2 4 2 3 3 1 2 4 3 1 1 1 1 2 3 4 3 2 2 3 2 2 3 1 2 3 4 1 2 1 4 4 3 3 1 3 4 2 2 4 4 3 4 3 2 5.487899
1 2 1 3 2 2 2 4 4 4 4 4 4 3 3 4 1 4 1 4 3 1 3 1 3 1 1 2 3 3 3 3 1 2 1 2 2 1 4 4 3 3 4 1 1 3 3 3 2 3 3 1 2 1 2 5.459994
2 3 2 4 2 3 3 4 4 3 1 2 2 1 2 4 2 3 1 4 1 3 3 2 1 1 4 3 3 1 2 2 3 1 3 2 3 2 1 4 4 4 3 1 2 2 2 2 3 1 3 3 2 4 2 5.307192
3 2 2 2 3 3 2 3 1 4 3 4 3 1 4 3 4 2 3 3 4 2 1 4 1 3 1 4 2 1 2 4 2 2 2 4 4 1 2 4 4 1 4 4 3 4 1 4 2 2 3 2 1 3 2 5.593410
4 3 3 2 1 4 4 4 3 2 2 3 2 3 1 2 3 2 3 1 2 2 3 3 1 4 1 2 1 3 4 4 2 2 2 1 1 4 4 3 4 1 1 2 3 4 2 3 3 4 4 4 1 4 2 5.479613
3 3 4 2 4 4 1 2 2 3 3 3 3 4 1 4 3 1 3 1 4 2 2 2 2 3 3 4 2 2 3 3 1 2 1 4 2 3 4 2 2 4 1 1 3 3 3 4 2 2 1 2 4 2 2 5.513142
1 3 2 3 4 4 3 2 2 3 2 1 1 2 4 3 3 4 1 1 3 1 3 2 4 3 2 2 4 3 3 2 4 2 3 3 4 4 3 4 4 4 1 2 2 3 3 1 3 1 1 4 2 2 2 5.440963
2 4 3 3 3 3 1 2 4 4 2 4 2 2 4 3 2 4 2 1 3 3 2 2 1 3 4 4 2 2 2 2 4 2 4 4 2 1 1 2 4 2 2 4 3 3 2 4 2 4 3 1 4 4 2 5.371153
2 1 3 4 3 2 3 1 2 2 1 1 3 3 2 3 2 4 2 2 1 4 2 2 4 3 2 2 3 4 2 4 2 1 2 4 3 2 2 4 4 4 3 3 2 1 2 1 3 2 3 2 2 2 2 5.275386
2 1 3 3 3 2 1 2 2 2 4 4 1 3 3 3 1 2 3 3 3 1 2 2 2 4 3 3 4 4 2 2 2 2 3 1 4 2 4 4 4 4 2 3 4 3 2 1 3 4 2 1 2 3 2 5.608898
2 3 2 1 2 2 1 1 2 4 4 4 3 2 3 2 4 4 1 4 3 4 2 4 3 3 2 2 3 3 3 2 4 4 1 2 1 4 2 2 2 3 2 2 2 4 4 2 4 4 2 1 4 3 2 5.385730
3 4 2 4 3 4 2 1 1 4 1 2 2 3 3 2 3 2 2 1 4 4 2 4 2 3 3 2 4 2 4 4 2 2 1 2 2 1 2 2 4 2 2 3 4 4 2 3 3 2 2 1 4 2 2 5.489949
2 4 2 2 2 4 1 3 2 2 2 2 4 2 1 1 4 4 2 4 4 2 3 3 4 1 4 1 1 2 4 2 3 2 1 1 1 4 4 3 4 3 1 4 4 4 4 3 4 2 1 4 3 2 2 5.498542
2 1 1 1 3 2 1 4 4 2 2 3 2 2 3 4 4 4 4 1 2 2 4 1 2 4 3 3 1 2 2 4 1 4 4 1 4 3 2 4 3 2 3 2 4 1 1 4 1 2 2 3 3 3 2 5.527378
3 1 3 1 1 1 2 2 1 4 4 2 4 4 1 1 1 4 1 2 2 4 4 2 4 4 1 3 2 3 4 1 4 1 1 2 4 1 2 4 4 3 3 1 4 3 1 4 4 3 2 1 3 3 2 5.421529
2 3 1 4 4 1 4 4 4 2 3 4 4 1 2 1 4 3 3 3 3 2 1 4 1 4 2 2 3 4 1 1 4 4 2 2 1 2 1 4 3 3 4 4 4 2 4 4 4 1 4 1 2 2 2 5.566228
2 3 4 4 4 3 1 4 4 2 4 3 4 3 3 3 4 4 4 4 4 4 1 2 3 4 2 1 2 4 2 2 3 1 3 1 2 1 1 4 4 4 2 3 4 4 4 2 4 1 3 3 1 2 2 5.432834
3 2 1 4 2 4 4 3 3 4 4 4 4 3 4 1 4 3 3 4 2 4 2 2 4 1 1 3 2 3 3 4 4 2 2 1 4 4 1 4 2 3 2 2 1 1 2 3 1 3 2 4 4 3 2 5.564624
2 1 2 3 3 1 1 1 2 1 2 3 3 3 4 4 2 3 3 1 2 1 4 1 1 2 1 1 4 1 4 2 1 1 1 4 1 3 4 2 4 3 2 4 1 1 2 4 1 3 3 2 2 3 2 5.342133
1 1 2 4 4 4 1 2 1 2 4 3 2 3 1 3 3 2 4 3 1 1 4 2 4 3 4 2 4 1 1 1 3 4 4 2 4 2 4 3 4 3 3 4 1 3 4 1 1 1 3 2 3 3 2 5.542671
2 1 1 4 4 3 3 2 1 2 3 2 3 1 3 1 2 3 2 2 2 1 2 4 3 3 2 2 3 3 1 4 1 1 1 4 2 4 2 4 3 3 1 1 1 1 3 1 1 1 3 3 4 3 2 5.487225
2 3 1 1 1 4 4 2 3 2 2 4 1 1 3 2 3 3 1 1 1 2 2 1 3 2 2 3 1 2 2 2 1 1 1 1 3 4 1 3 3 3 1 3 4 2 3 3 4 4 1 4 3 4 2 5.431996
3 3 4 2 2 3 2 4 4 3 3 3 1 4 1 1 3 2 3 1 1 2 2 2 1 4 4 3 3 1 2 3 2 3 1 4 1 2 3 3 4 3 2 2 3 1 2 1 1 1 2 4 4 3 2 5.394990
2 4 4 1 3 1 4 2 2 3 4 3 1 1 3 2 3 3 2 2 1 3 3 2 2 3 1 1 1 1 4 3 3 1 2 1 3 3 4 1 3 4 3 3 1 2 3 1 4 3 2 4 3 1 2 5.458348
2 4 4 4 2 4 4 1 3 3 2 1 1 3 3 4 1 2 4 1 2 2 4 4 1 4 4 4 2 3 3 3 3 3 3 2 1 2 2 2 4 3 4 4 1 4 4 2 2 4 4 3 4 3 2 5.481122
2 1 2 4 1 3 2 3 1 4 2 3 4 4 4 1 2 4 4 2 3 2 4 1 4 1 3 4 4 1 4 4 2 4 4 1 2 2 4 3 2 3 2 4 1 4 2 3 3 3 2 2 3 1 2 5.394481
2 1 1 1 3 1 1 1 3 3 3 1 1 3 2 2 1 1 2 1 2 2 1 3 1 2 4 4 2 2 4 3 4 3 2 1 2 2 2 2 2 1 2 4 3 2 4 4 2 4 3 2 4 2 2 5.614569
3 2 4 2 3 4 1 1 1 4 4 1 2 3 3 1 1 3 3 3 2 4 2 3 2 2 4 1 4 4 4 3 3 2 3 3 1 1 1 3 3 1 3 1 2 4 3 2 3 1 1 1 3 3 2 5.471962
1 1 4 1 3 4 4 4 4 3 2 1 2 1 2 3 2 3 3 4 2 1 1 1 3 2 3 3 1 2 1 1 3 2 2 1 4 3 3 3 1 2 1 4 2 3 1 4 1 2 3 1 2 3 2 5.602875
1 2 3 3 3 2 2 4 4 3 3 2 3 4 3 1 4 3 4 2 3 2 1 4 1 3 2 2 1 2 3 2 4 2 2 4 2 1 4 2 2 3 4 2 1 4 3 2 2 4 2 3 3 2 2 5.485611
3 3 2 2 2 3 3 1 1 3 3 3 2 2 4 3 2 3 3 1 4 4 1 3 2 2 1 2 4 2 2 2 4 3 4 2 2 2 1 3 2 3 2 3 2 4 3 2 4 4 3 3 4 1 2 5.428064
2 3 1 3 4 4 2 4 4 4 1 1 2 2 3 4 4 4 3 2 1 2 2 4 2 3 3 3 2 3 4 1 3 2 3 1 1 3 4 2 2 2 3 2 3 2 3 1 3 4 1 1 2 1 2 5.655702
2 1 2 2 4 2 4 4 4 4 4 2 4 3 3 2 1 1 1 1 4 2 3 2 2 3 4 3 2 4 2 1 3 4 4 1 1 4 2 4 2 2 4 2 2 3 2 3 3 3 3 4 1 2 2 5.326295
3 2 4 2 4 4 4 1 4 2 2 2 2 3 2 4 3 1 1 1 2 3 2 4 2 4 2 4 3 2 1 3 2 1 1 3 4 4 2 2 2 1 2 4 4 4 3 4 1 1 4 1 2 4 2 5.471688
2 3 4 4 1 1 4 3 3 4 3 2 1 4 1 4 1 2 4 2 3 4 2 4 1 3 4 2 4 4 2 2 4 4 4 3 4 4 4 4 1 3 4 3 4 2 4 4 2 2 3 3 1 2 2 5.650506
4 1 1 3 2 3 3 2 1 4 1 4 2 3 4 1 2 3 4 2 2 3 4 2 4 3 4 3 4 1 3 4 4 2 4 1 1 1 2 2 2 4 3 3 3 2 4 1 3 3 2 4 1 2 2 5.628095
2 2 3 3 1 3 2 3 1 4 1 1 1 2 1 1 2 4 1 2 4 3 3 1 4 2 2 2 3 3 3 1 4 1 3 4 1 3 2 1 4 4 1 4 2 4 4 2 3 3 4 2 1 2 2 5.486887
1 1 1 4 3 4 3 2 2 2 2 3 4 1 1 4 3 1 2 3 3 4 2 2 1 3 3 1 4 4 1 4 1 1 2 3 4 4 3 4 4 3 4 3 3 3 1 3 4 2 2 1 2 4 2 5.570268
1 1 2 4 4 4 4 1 4 3 3 4 3 4 4 2 4 4 4 2 4 2 3 4 3 3 1 3 3 4 3 2 1 2 3 4 3 4 2 4 2 4 4 1 1 3 3 1 2 2 4 4 4 4 2 5.739495
2 1 2 2 1 4 2 1 1 4 4 2 3 3 4 1 3 2 4 3 2 2 4 4 3 3 2 4 4 1 1 4 2 1 4 3 2 1 4 1 4 4 3 1 1 3 4 4 3 2 4 3 2 4 2 5.566831
3 2 2 3 1 2 4 1 1 4 2 1 1 1 2 1 4 4 2 1 2 3 4 3 1 1 4 4 1 1 2 2 4 1 4 2 3 4 2 2 4 4 4 3 3 2 4 3 2 4 1 4 2 2 2 5.519104
1 2 1 2 4 2 1 1 4 2 1 2 1 1 4 1 3 1 3 3 2 1 4 3 3 1 1 3 4 2 3 1 2 1 3 3 3 1 1 3 1 1 2 2 3 4 3 1 1 4 2 3 3 3 2 5.699707
1 4 2 1 4 1 4 2 1 1 3 4 1 3 2 1 4 3 1 4 2 4 3 3 1 2 1 1 4 4 2 4 4 4 4 3 2 1 2 1 3 3 3 1 4 1 2 4 4 3 2 3 1 3 2 5.542673
3 3 1 4 1 1 2 2 3 2 2 3 4 2 4 3 4 1 2 2 4 2 4 2 1 3 1 4 3 1 2 3 2 3 1 3 3 1 4 4 3 4 2 2 3 2 4 3 1 2 3 1 4 4 2 5.562398
2 4 2 3 3 3 1 1 2 4 2 3 4 1 4 4 1 3 4 2 2 3 2 2 4 4 4 2 2 2 3 2 3 4 1 1 4 2 3 1 2 4 2 2 3 4 2 4 3 4 3 2 2 4 2 5.314617
1 2 2 4 3 4 1 2 2 3 4 4 2 1 1 1 2 4 4 3 2 2 3 3 4 4 3 2 4 4 3 1 2 1 4 2 3 2 4 2 1 3 2 4 2 3 3 4 2 4 3 1 1 1 2 5.592672
4 1 1 4 3 2 4 2 2 3 4 4 4 1 1 1 4 4 3 4 1 2 3 4 1 1 1 2 2 1 1 3 4 1 3 2 1 2 1 3 1 4 3 3 2 4 3 3 2 4 3 2 2 1 2 5.627958
1 3 3 2 4 2 3 4 2 1 4 1 4 4 1 2 1 3 1 1 2 4 4 1 1 2 1 3 4 4 2 2 2 4 3 3 4 1 3 1 4 4 3 4 1 1 4 1 3 2 2 1 3 2 2 5.626416
3 3 4 1 4 1 1 1 1 2 4 2 4 1 4 3 4 3 4 3 4 3 4 1 3 4 2 2 3 4 3 3 4 1 4 4 4 4 2 4 2 4 4 3 3 3 4 1 1 1 3 4 1 4 2 5.480636
4 1 2 4 2 4 2 4 4 4 3 4 3 1 1 2 2 3 4 3 3 1 3 4 3 2 3 2 4 1 1 4 1 3 3 4 2 1 3 1 1 4 3 4 2 2 4 4 3 4 1 4 3 4 2 5.558222
1 3 3 3 2 2 4 1 1 4 2 2 3 2 3 2 2 2 4 3 3 2 4 3 4 4 2 2 2 4 1 1 1 2 2 4 4 1 1 1 1 3 3 4 3 4 4 1 3 2 3 1 2 3 2 5.431980
3 2 1 3 3 2 4 2 1 4 2 4 3 2 3 4 1 2 3 1 3 3 4 1 3 1 1 4 4 4 1 4 3 1 2 1 1 2 4 2 2 3 2 4 1 2 1 1 2 4 4 2 3 1 2 5.573033
3 2 4 4 4 1 4 4 2 4 4 3 3 1 2 3 2 2 3 1 2 4 3 1 3 3 4 2 3 1 1 2 4 2 3 3 2 1 1 2 2 1 1 3 4 1 2 2 2 2 1 2 4 1 2 5.625861
4 2 4 3 1 3 4 2 2 3 4 3 2 3 3 4 1 4 1 1 3 2 1 3 4 3 1 1 1 4 1 1 2 2 1 3 2 4 4 2 1 3 1 4 4 2 2 1 2 1 4 2 3 2 2 5.438029
1 2 4 2 1 2 4 1 1 4 3 3 4 3 4 3 4 2 3 4 2 3 1 3 1 1 3 2 1 2 3 2 4 3 1 3 2 3 4 1 1 2 3 4 1 4 3 4 1 2 2 2 4 1 2 5.747703
4 4 2 3 1 4 1 3 4 3 2 2 2 1 4 4 4 2 4 1 2 4 3 3 1 1 3 2 2 3 3 3 4 4 2 4 3 3 4 3 4 3 3 3 1 4 3 2 3 2 2 4 4 2 2 5.540885
3 2 4 4 3 4 4 4 3 4 2 1 4 4 1 3 3 3 3 2 1 3 4 2 3 4 4 1 2 2 4 4 2 4 4 1 1 3 2 4 3 4 4 1 3 4 1 2 1 3 3 2 4 3 2 5.381226
2 2 1 4 2 1 1 3 4 4 2 1 1 1 4 1 2 4 3 2 1 4 3 1 3 4 2 4 2 2 4 2 1 3 3 2 3 1 2 2 4 4 3 4 1 2 1 2 1 1 1 4 2 4 2 5.525304
3 4 2 4 1 3 2 1 4 4 4 4 1 1 3 2 4 2 2 4 2 2 2 1 4 1 1 3 2 1 2 2 4 2 4 2 4 4 3 2 3 1 2 4 4 1 4 3 1 1 2 3 1 2 2 5.456041
1 4 3 3 4 3 1 1 3 2 1 4 4 1 4 3 1 1 2 2 1 4 3 4 4 4 3 3 2 1 2 2 1 1 2 1 4 1 1 1 1 1 4 4 3 1 2 1 2 1 2 1 3 4 2 5.557258
3 3 3 1 2 1 4 3 1 1 1 1 3 3 1 4 1 1 1 4 4 4 3 4 2 1 1 2 2 3 1 1 3 2 4 1 4 4 1 3 4 3 4 4 2 1 4 4 1 4 1 1 2 3 2 5.516475
4 1 1 3 4 1 4 4 3 3 2 4 4 3 4 2 4 2 4 3 3 3 3 1 1 1 2 2 1 3 1 3 4 2 1 1 1 1 4 4 3 4 3 3 3 3 1 4 1 4 4 3 4 4 2 5.460240
4 2 4 4 3 3 2 4 4 2 3 4 4 3 1 4 4 4 4 1 1 4 3 2 2 4 2 3 4 2 3 4 2 3 2 4 1 2 4 4 4 4 1 1 3 1 4 2 3 4 4 1 2 4 2 5.481429
2 2 4 4 1 1 4 2 4 1 4 4 1 3 4 2 4 4 1 4 3 1 3 4 4 4 1 3 3 2 3 3 4 1 4 3 3 2 1 2 4 4 4 4 4 3 3 4 2 3 4 1 2 4 2 5.544477
3 1 2 2 3 4 4 1 2 4 4 1 4 2 4 3 4 4 3 3 1 4 4 3 3 2 4 4 1 4 4 2 4 1 2 1 4 1 2 4 3 1 2 1 3 4 2 1 2 4 4 1 3 2 2 5.596784
2 2 3 2 3 2 4 1 2 4 2 3 4 1 4 4 4 2 4 2 4 1 4 2 1 1 2 3 4 3 1 2 1 2 4 3 3 3 3 4 4 2 4 1 3 1 1 4 3 3 2 1 2 2 2 5.376179
4 1 3 2 4 4 4 2 1 3 2 4 2 1 4 2 3 3 4 2 1 2 1 1 2 1 4 3 4 3 3 2 4 3 4 4 2 4 4 2 3 2 4 4 3 2 2 2 3 3 1 3 1 3 2 5.638245
2 4 1 4 2 2 3 3 2 4 2 2 3 2 2 4 3 1 2 2 2 3 1 4 3 4 4 4 3 2 2 4 3 4 1 3 4 2 3 3 2 3 2 2 1 4 1 1 3 4 4 3 3 3 2 5.584790
4 2 1 1 4 2 4 4 4 4 2 3 2 3 4 2 3 1 2 2 3 1 1 2 4 4 2 1 3 2 2 3 4 2 1 1 2 1 1 3 2 3 3 2 4 3 2 1 2 4 4 4 2 2 2 5.594517
4 1 1 4 1 4 1 3 1 3 1 4 4 1 2 2 4 2 2 4 1 4 4 4 1 1 4 3 2 4 4 2 1 2 2 1 2 3 1 1 3 4 3 2 2 4 3 3 3 4 2 1 3 3 2 5.541502
1 1 2 1 3 3 3 1 2 4 1 1 2 3 2 4 4 3 4 4 4 1 4 1 3 2 1 4 4 1 1 2 1 1 4 3 1 1 1 2 4 2 1 4 4 3 1 4 4 1 4 2 4 2 2 5.522843
3 4 2 3 4 1 3 2 3 2 1 1 4 2 4 4 4 4 4 1 4 1 1 1 3 1 2 1 4 3 3 4 2 4 1 1 3 1 2 1 1 1 2 2 1 1 3 1 1 1 1 4 1 3 2 5.528783
2 2 1 4 4 4 4 1 3 1 4 3 2 3 2 1 1 4 3 1 1 1 4 3 4 4 4 1 3 1 4 1 2 3 1 1 4 1 4 2 2 3 1 3 2 1 1 1 1 2 1 3 2 3 2 5.630549
2 4 2 4 4 3 2 3 2 4 4 1 4 4 1 1 1 1 2 4 4 1 1 3 2 3 3 3 4 3 3 1 4 1 4 1 3 1 2 1 1 1 4 4 1 4 3 2 3 3 1 2 3 1 2 5.518570
2 2 3 4 1 1 1 1 4 1 1 1 2 1 3 3 2 1 4 3 4 3 4 2 3 1 4 1 2 4 1 4 4 1 1 3 4 3 1 1 1 4 3 2 1 4 3 4 1 3 2 2 4 2 2 5.612249
4 2 4 3 1 1 3 4 1 2 3 2 1 4 3 4 4 4 4 3 3 1 4 3 1 1 3 4 1 1 3 3 3 2 2 2 1 3 1 1 1 1 3 4 1 2 4 3 1 2 1 1 2 4 2 5.644169
4 3 4 1 2 3 2 4 2 4 3 2 3 1 4 2 1 1 4 3 2 1 1 2 1 2 2 1 4 4 3 2 1 1 1 2 1 1 4 2 4 1 1 1 2 1 1 3 1 4 1 1 1 1 2 5.602988
1 3 2 2 2 3 4 2 1 4 1 2 3 3 1 1 3 1 4 3 4 4 1 4 3 3 4 2 4 2 1 1 1 4 2 2 1 4 1 3 4 1 4 2 2 1 3 2 1 1 2 3 1 3 2 5.481574
4 2 1 4 4 2 1 4 2 2 1 3 2 3 2 3 4 1 3 3 3 1 4 4 1 1 4 4 1 3 2 2 2 4 3 1 4 4 2 3 1 4 2 3 3 2 1 4 1 1 2 1 2 2 2 5.587804
2 2 4 2 1 3 2 1 1 2 1 1 4 2 3 2 1 3 3 2 1 4 1 3 2 4 4 1 4 3 1 2 4 1 1 3 4 1 3 2 3 4 3 4 1 4 3 2 2 4 2 4 1 1 2 5.392412
2 1 4 3 4 1 3 4 1 3 2 4 1 2 2 2 4 1 2 4 4 3 3 4 4 1 2 4 1 2 2 4 2 1 2 1 1 2 3 3 3 2 3 4 4 1 2 3 1 1 2 3 2 3 2 5.594245
3 4 1 3 1 4 2 1 2 1 1 2 4 3 2 4 1 2 4 2 3 3 4 1 4 1 3 1 4 3 4 4 3 2 2 3 4 3 3 4 1 4 4 1 1 3 2 2 4 1 4 1 1 4 2 5.498388
2 4 3 4 3 1 1 1 3 3 3 4 4 4 4 3 3 1 3 4 4 2 1 3 4 3 1 3 1 1 2 2 4 4 4 3 1 1 4 4 2 1 2 3 2 4 2 4 3 3 4 2 3 4 2 5.570977
1 2 1 2 3 4 2 3 3 2 4 1 2 2 1 1 1 4 3 4 2 2 4 4 1 2 2 4 4 3 3 4 1 2 1 1 3 1 4 4 4 2 1 1 1 4 4 1 1 4 4 4 1 1 2 5.533352
1 2 4 3 2 4 1 1 1 1 1 4 2 4 3 2 2 2 1 4 2 2 1 4 4 4 3 4 4 2 2 2 3 4 3 4 2 2 4 1 1 1 2 1 3 3 3 2 1 2 4 4 1 1 2 5.567081
2 2 2 4 4 3 3 3 2 4 2 2 2 4 4 3 4 3 2 3 2 4 4 3 1 4 3 3 1 1 1 3 3 4 2 1 4 3 3 3 4 4 2 1 3 2 1 2 1 3 4 4 2 3 2 5.313904
1 3 3 4 4 1 4 3 3 4 4 4 2 4 3 4 2 3 3 3 2 2 4 4 2 4 2 3 3 4 2 2 2 3 3 1 3 1 2 1 3 2 3 3 3 2 1 1 1 2 3 2 4 3 2 5.593755
4 1 1 1 1 3 4 3 3 1 1 1 1 1 2 2 3 2 3 1 3 3 3 1 4 3 2 4 4 1 3 2 4 1 1 1 4 1 4 1 4 1 1 2 2 3 1 2 2 3 4 1 4 2 2 5.547910
1 1 4 1 3 3 2 3 1 4 1 1 2 3 2 1 4 4 1 1 3 3 4 2 1 2 4 3 1 1 1 1 1 1 3 1 1 1 4 1 4 1 4 1 4 2 2 2 3 1 4 2 1 1 2 5.463768
4 1 4 4 2 2 2 1 3 4 1 1 1 4 4 3 1 1 3 4 3 2 2 1 1 2 2 1 3 2 3 2 1 2 2 4 3 4 1 1 1 2 1 2 4 4 2 4 2 3 2 4 4 1 2 5.657921
4 3 3 3 3 3 2 1 4 4 1 1 3 1 3 3 1 2 3 1 4 2 2 1 1 1 3 1 1 2 2 4 1 4 4 1 1 1 2 1 3 4 2 4 4 1 4 1 3 1 1 4 4 3 2 5.392674
4 4 1 2 1 3 3 1 1 4 4 3 2 3 1 1 3 2 4 2 4 4 1 4 4 2 3 4 2 2 1 1 3 3 2 4 4 2 2 1 1 1 4 4 2 3 1 3 1 2 3 1 4 4 2 5.522510
3 3 4 2 1 4 1 4 2 1 1 1 3 2 1 2 4 1 1 4 4 4 4 2 2 1 1 1 1 3 4 1 3 2 2 1 1 4 1 1 1 1 2 2 1 2 3 2 2 4 2 4 2 4 2 5.529504
3 3 4 4 3 4 4 4 3 3 1 1 2 2 1 2 3 3 2 4 3 2 4 3 2 3 1 4 1 2 3 3 4 1 1 1 1 3 3 2 4 3 2 3 3 4 3 4 1 3 3 4 4 3 2 5.441331
3 4 4 3 4 3 1 3 1 4 1 1 3 4 2 1 3 4 2 3 4 4 3 2 1 4 3 3 2 2 4 4 4 1 1 3 3 4 2 3 3 2 3 2 2 4 2 1 3 4 4 3 1 3 2 5.536903
3 4 1 1 1 3 4 1 2 4 3 2 1 3 1 4 3 3 4 1 3 3 2 1 3 2 4 2 2 1 4 2 1 1 1 4 3 4 1 3 4 1 1 4 3 1 1 3 3 3 4 2 2 3 2 5.621875
1 3 3 1 2 4 1 3 2 3 3 1 3 1 1 3 4 4 4 3 1 2 4 1 4 3 3 4 3 4 4 1 1 1 4 3 2 1 2 4 3 3 2 2 3 2 1 3 2 1 3 3 1 4 2 5.358202
2 3 2 3 1 1 2 3 3 1 4 3 1 4 4 1 1 1 1 1 1 1 1 4 2 2 2 3 4 1 2 1 3 1 3 1 3 3 1 1 1 1 2 1 4 1 1 2 3 3 4 1 1 4 2 5.188193
3 1 2 2 3 3 1 1 1 4 4 4 2 1 4 2 2 1 1 3 2 4 1 2 1 4 4 2 4 4 4 1 4 1 3 2 2 2 3 3 1 3 1 2 4 4 4 4 3 3 3 4 2 1 2 5.456537
2 2 1 4 1 1 1 1 3 4 2 2 1 4 4 2 3 2 4 1 2 4 3 1 1 1 1 2 2 4 1 3 1 1 1 4 2 2 3 1 3 3 4 1 4 1 3 2 2 1 2 4 1 4 2 5.350053
1 1 3 1 1 3 1 4 4 1 1 1 1 4 3 4 4 3 4 2 4 2 1 1 3 2 4 3 4 3 4 3 1 2 3 4 2 2 1 4 2 1 2 1 2 2 4 2 1 3 4 1 1 4 2 5.589543
2 2 1 1 3 4 2 1 1 4 1 3 4 1 3 4 1 4 1 3 2 4 1 2 4 3 2 2 1 2 1 4 4 1 4 4 2 2 1 1 2 2 2 3 2 3 2 2 1 1 4 4 4 1 2 5.455428
1 1 4 3 2 4 1 1 4 1 4 1 2 3 4 1 1 2 1 3 2 1 2 1 1 2 3 4 4 3 2 1 3 1 1 3 4 4 4 3 2 2 4 2 2 1 3 1 4 2 3 1 3 3 2 5.549941
3 2 3 2 1 2 4 4 1 3 3 2 1 2 4 2 4 2 2 4 3 1 2 3 2 2 3 4 1 3 2 2 4 4 1 2 4 4 2 2 2 1 3 1 1 2 4 3 1 3 4 4 3 2 2 5.372373
4 4 1 4 4 1 3 1 1 2 2 2 4 4 4 2 4 1 3 4 3 1 4 4 4 1 2 1 2 4 4 4 3 2 2 2 2 2 2 1 1 1 4 2 4 2 4 4 3 1 3 4 1 4 2 5.631000
1 1 4 3 1 1 1 3 2 2 2 3 4 4 2 4 1 1 4 1 1 1 4 4 4 4 4 1 4 3 1 2 2 3 1 1 2 1 1 1 1 3 4 4 3 4 4 4 4 3 2 1 1 3 2 5.401960
3 4 1 4 4 1 2 3 3 3 1 2 1 4 4 2 3 3 1 1 4 3 3 1 4 1 4 3 1 1 2 1 1 4 2 2 1 4 1 3 2 2 2 4 3 3 2 4 1 1 3 3 3 1 2 5.556292
3 3 4 2 3 1 2 1 2 3 2 3 4 2 1 4 3 4 4 1 1 1 4 1 1 2 4 1 3 4 3 3 3 3 4 4 4 4 4 4 1 4 3 4 3 1 1 3 2 4 3 4 1 3 2 5.437121
1 2 2 3 3 3 4 3 2 4 1 4 4 1 2 1 3 3 2 4 1 2 2 3 4 1 2 3 2 3 3 1 4 1 1 4 3 3 2 4 2 4 2 4 1 2 4 1 3 1 4 3 2 4 2 5.477925
4 1 3 3 3 4 4 4 1 3 3 2 4 1 1 4 4 4 4 4 3 4 1 2 4 3 4 3 1 3 1 1 4 3 2 4 3 3 3 4 4 4 3 3 4 4 4 3 2 1 1 4 1 3 2 5.505810
1 1 3 3 1 1 2 2 2 3 3 4 3 4 1 4 1 1 2 3 3 3 1 4 2 4 3 1 1 3 3 3 4 3 1 3 3 4 3 2 3 3 3 4 1 2 4 2 2 1 4 3 4 1 2 5.381036
4 2 4 4 4 2 4 4 2 4 2 3 2 4 2 3 3 1 4 1 2 2 3 2 1 4 2 4 2 4 2 1 3 1 3 2 2 3 1 3 4 4 4 2 3 3 2 4 2 4 2 1 2 4 2 5.465204
3 3 4 2 4 2 4 2 2 1 1 4 2 4 3 3 2 3 2 2 4 3 1 2 2 4 4 2 3 4 2 3 4 1 4 1 2 3 1 3 4 4 4 2 2 3 3 4 4 1 1 2 1 4 2 5.629377
2 4 4 3 2 2 3 3 1 3 4 4 2 4 1 2 2 4 2 3 3 2 2 4 4 1 2 2 4 2 4 4 1 2 1 2 3 3 4 4 3 2 1 2 2 2 2 4 3 3 3 2 3 3 2 5.481851
2 1 3 4 3 2 2 2 2 3 4 3 4 4 1 4 3 3 1 4 1 2 2 1 4 3 2 1 1 2 3 4 1 3 2 1 4 1 4 3 4 2 1 2 4 4 2 2 1 1 2 2 2 3 2 5.496005
1 1 4 4 1 4 3 2 3 3 2 2 4 1 1 4 4 3 3 3 4 3 4 4 2 3 2 4 1 2 4 2 2 2 4 1 1 1 2 3 2 4 3 4 3 1 1 2 3 1 3 1 3 2 2 5.622279
4 4 4 2 3 2 2 3 4 4 3 2 3 2 3 3 2 3 3 4 4 3 3 1 2 2 1 3 1 1 4 2 4 1 2 4 3 2 3 3 4 3 4 3 2 4 2 3 2 1 4 1 4 4 2 5.368694
1 1 3 1 2 3 3 2 1 2 3 4 1 1 1 4 4 4 2 1 1 4 1 2 3 3 2 4 4 1 1 4 4 4 2 3 4 3 3 3 3 1 4 2 1 2 1 2 3 4 1 3 1 1 2 5.538194
4 1 1 3 1 2 1 4 4 2 3 3 2 1 1 4 2 4 1 1 1 3 2 1 1 4 1 4 3 4 4 1 3 1 4 1 1 4 4 1 4 1 2 1 3 3 2 4 3 4 3 3 4 3 2 5.517025
4 1 1 1 3 2 2 2 4 1 3 4 2 2 4 3 4 1 2 3 3 2 3 2 2 1 3 3 2 3 2 3 2 1 4 1 2 4 2 1 2 2 4 2 2 3 3 3 3 1 3 2 2 1 2 5.652102
2 3 3 3 2 1 1 1 1 3 2 4 3 3 4 1 4 1 1 3 1 2 1 1 1 2 1 2 3 3 1 4 3 4 2 1 4 4 4 4 3 2 1 4 2 4 2 2 2 2 4 4 4 3 2 5.446343
1 1 1 4 3 3 4 4 1 3 3 1 1 1 3 3 3 3 2 4 3 2 4 3 4 4 4 2 4 4 3 1 1 2 4 4 2 3 4 3 1 4 2 4 3 3 4 4 1 1 2 4 3 3 2 5.586732
1 2 4 1 1 1 4 2 1 3 2 4 3 1 2 4 1 4 2 3 4 2 3 2 3 3 1 1 2 1 1 1 3 1 3 4 3 1 3 2 2 4 3 2 4 3 4 3 4 2 4 4 3 3 2 5.565194
2 3 2 2 4 4 2 3 3 3 3 2 1 2 3 4 4 1 4 4 3 2 3 1 1 4 3 2 1 4 3 1 1 4 1 4 4 3 3 2 3 2 4 3 3 3 2 3 4 1 4 4 4 4 2 5.359768
2 2 2 4 2 4 4 2 2 1 2 3 3 1 3 2 1 4 4 4 3 2 4 2 4 4 3 2 1 4 4 4 1 2 1 4 3 1 2 1 3 4 4 3 2 2 3 4 4 3 2 1 3 2 2 5.345072
3 2 2 1 3 2 3 1 2 1 4 3 3 2 3 2 1 2 3 3 3 2 4 2 4 4 4 3 3 4 4 4 3 3 1 3 3 3 1 2 1 4 4 4 2 1 1 4 1 2 2 1 3 3 2 5.411598
2 2 2 4 3 3 2 2 4 2 1 4 2 2 3 3 2 3 1 3 3 4 2 4 3 2 1 2 3 3 4 4 3 3 4 2 3 4 1 1 1 3 4 3 1 1 1 4 4 3 4 1 3 4 2 5.418554
4 4 2 3 4 1 4 2 2 3 1 2 2 4 2 3 2 3 4 4 2 2 2 4 2 1 2 3 4 4 4 2 1 1 2 2 2 2 1 1 4 1 4 3 3 1 1 2 2 1 2 4 2 1 2 5.554362
2 4 2 4 2 2 2 3 1 4 3 4 2 4 2 2 2 3 3 2 2 1 2 4 2 3 1 3 4 4 4 4 1 1 2 2 3 2 1 1 1 1 4 3 2 3 2 1 1 1 1 2 2 3 2 5.697090
2 2 2 3 2 2 2 4 3 1 4 4 1 4 4 2 3 4 3 2 4 1 4 1 2 3 4 3 2 2 4 4 3 4 4 3 2 1 3 3 4 4 4 2 1 1 2 2 1 3 2 2 3 3 2 5.411038
2 3 3 4 2 3 1 2 1 3 2 1 2 1 2 2 1 2 2 3 1 4 4 1 4 4 4 4 3 2 4 2 3 2 2 4 4 1 1 4 1 4 4 2 2 4 4 2 2 2 2 3 2 4 2 5.371234
4 3 4 3 4 2 4 3 1 4 2 4 2 4 2 2 2 2 4 3 2 2 3 3 1 4 2 3 1 1 3 1 4 3 4 1 2 2 2 1 4 1 3 3 3 2 1 3 3 1 4 1 2 4 2 5.474383
3 1 3 3 4 4 2 2 1 4 4 1 1 4 4 1 1 1 2 1 4 2 3 3 3 3 4 2 3 4 3 4 3 1 3 4 1 4 3 4 1 2 3 1 1 1 3 3 1 3 4 3 4 2 2 5.456546
4 1 3 3 4 2 1 4 4 3 1 1 4 4 4 1 4 2 1 1 1 1 3 3 3 3 2 4 3 4 3 2 1 3 1 1 3 1 4 2 1 2 2 3 2 1 3 4 3 1 3 3 2 1 2 5.544561
1 1 1 4 1 2 4 3 4 3 4 1 4 3 2 3 4 3 1 3 2 4 4 4 2 1 1 2 1 2 1 3 1 3 1 4 1 2 4 3 4 1 4 4 3 1 2 3 3 1 4 4 3 3 2 5.691736
4 2 4 3 1 1 1 4 3 2 2 2 2 4 2 2 4 3 2 2 3 4 3 2 2 1 1 4 3 2 1 4 3 3 4 2 4 4 2 3 3 3 2 3 4 1 2 1 4 4 4 4 3 4 2 5.449285
4 3 2 4 2 2 2 2 2 4 4 4 3 1 4 4 3 3 4 1 2 4 1 1 1 4 3 3 3 2 1 3 3 1 4 2 4 4 3 3 4 2 2 1 1 1 1 4 1 2 3 3 2 4 2 5.677114
4 3 2 2 2 4 4 4 3 3 3 4 4 1 4 2 2 2 2 3 1 4 1 1 2 2 4 1 3 4 2 3 4 1 2 3 2 2 1 4 1 2 4 4 2 3 3 3 4 4 1 1 1 4 2 5.428713
1 1 3 2 2 2 2 2 3 3 3 3 4 3 3 1 4 2 2 4 1 1 4 1 4 2 1 4 4 4 4 4 2 1 1 1 3 2 2 1 4 2 2 3 1 4 2 1 4 4 4 1 2 1 2 5.465113
1 3 2 1 1 4 3 2 2 4 2 1 4 1 2 4 4 3 2 4 4 1 2 4 1 4 3 4 1 1 4 2 1 3 2 2 4 4 3 1 3 2 3 2 3 1 4 2 3 4 4 3 1 2 2 5.489816
2 2 2 4 1 4 4 4 3 3 2 2 2 3 2 2 4 1 3 1 4 2 1 4 2 4 4 3 2 4 3 1 3 2 2 1 4 4 1 2 4 2 1 4 1 3 1 3 2 3 1 2 3 2 2 5.362526
4 3 4 3 1 1 4 4 2 2 4 2 4 3 3 4 4 1 1 2 2 1 2 3 1 1 1 2 3 4 4 1 2 2 4 1 3 1 4 3 1 2 4 2 3 3 2 1 3 4 2 2 2 2 2 5.492145
4 1 4 2 2 4 4 2 2 1 1 2 4 1 3 2 3 3 3 3 3 4 1 1 2 4 4 3 2 4 2 4 1 2 3 2 1 2 2 4 2 4 4 1 2 3 4 2 1 3 4 1 1 3 2 5.677759
1 3 4 3 3 3 4 2 2 2 1 1 3 2 1 1 2 1 3 1 3 2 4 3 1 3 2 4 3 3 3 4 4 1 4 4 4 1 1 2 3 2 3 1 1 1 1 1 2 1 4 4 2 4 2 5.366903
2 1 1 3 4 4 4 4 1 3 3 2 3 2 1 4 1 2 3 3 3 2 2 1 4 1 2 1 4 1 1 4 3 2 3 4 1 3 2 3 4 1 3 2 1 3 2 3 1 4 2 2 1 3 2 5.457067
3 3 1 4 4 4 4 4 3 1 1 2 4 1 1 2 4 2 4 3 4 4 4 1 1 4 1 4 4 3 3 3 3 4 4 3 1 4 3 4 2 3 4 1 1 2 4 3 3 4 2 1 3 4 2 5.539950
4 4 4 2 1 1 2 3 4 2 3 3 4 4 3 4 4 1 4 1 2 4 3 4 1 3 4 4 4 1 4 2 3 4 4 3 2 1 2 3 4 4 3 4 3 4 3 4 3 1 1 2 3 2 2 5.595123
4 4 3 4 4 4 4 1 2 1 3 4 1 3 2 2 2 3 3 2 4 3 1 3 2 4 4 1 3 2 3 3 4 1 1 4 4 1 4 4 3 2 2 4 4 4 1 3 1 4 1 2 4 4 2 5.649327
4 4 2 3 4 1 1 1 4 4 4 1 4 3 2 4 1 4 2 3 3 2 2 4 4 2 3 3 1 1 3 2 4 1 3 1 1 4 4 4 2 3 1 1 1 3 3 1 3 2 1 3 4 4 2 5.600200
1 4 1 4 2 3 1 4 2 4 3 4 1 1 1 2 3 3 1 1 1 1 4 4 3 3 2 1 1 1 1 4 2 1 4 4 4 3 4 1 1 1 2 4 3 3 4 4 1 3 2 3 3 3 2 5.476583
1 2 4 4 2 3 4 3 3 4 1 1 1 1 3 2 1 1 4 1 4 4 1 3 2 4 2 4 3 3 3 1 4 3 3 3 3 3 3 1 2 4 1 1 3 1 2 1 4 3 1 4 1 1 2 5.602626
4 3 3 4 4 2 3 2 3 4 1 3 3 3 2 3 3 3 1 4 3 4 2 1 1 1 2 3 1 3 4 1 4 4 1 1 3 1 3 1 1 4 1 1 3 4 1 4 4 3 4 3 1 2 2 5.505131
4 2 3 3 3 3 1 4 1 3 3 4 1 3 2 1 1 1 3 4 4 1 4 3 4 1 4 3 1 4 3 1 4 3 1 3 1 1 2 2 2 1 1 1 1 1 3 2 1 1 1 1 3 4 2 5.445341
2 2 2 1 1 1 3 2 4 3 2 4 2 4 3 1 1 1 2 4 1 4 2 4 1 1 3 2 3 2 4 1 1 2 3 3 3 3 1 3 1 1 2 3 2 3 4 4 3 4 1 1 1 1 2 5.505750
1 4 2 2 3 2 1 2 1 1 1 1 2 2 1 2 3 1 4 1 4 2 1 2 3 1 2 1 1 4 2 2 2 1 1 1 3 4 4 1 1 4 4 4 1 1 2 3 1 2 3 2 4 3 2 5.571576
1 2 3 2 1 1 1 1 2 4 1 1 1 2 1 1 1 3 4 4 3 2 2 2 1 2 4 1 3 1 4 3 3 1 1 1 1 4 1 3 3 4 4 1 2 2 2 2 1 3 3 3 4 4 2 5.627254
1 4 2 2 2 3 2 2 1 2 1 1 3 1 3 4 1 1 4 1 2 3 4 4 2 2 2 1 1 4 2 4 2 2 2 2 1 4 3 2 1 4 2 4 4 4 2 2 1 1 1 4 4 4 2 5.580369
2 2 4 4 2 1 1 4 2 1 4 1 1 1 3 2 2 4 1 1 4 4 1 2 4 1 2 2 1 1 1 2 2 2 1 1 3 3 1 4 4 2 1 3 4 4 2 2 2 2 3 2 1 4 2 5.575404
1 4 4 4 2 1 4 4 1 4 4 2 1 4 2 1 3 4 1 3 3 4 1 1 3 4 4 1 3 3 2 4 3 2 1 2 2 1 1 4 4 2 1 4 3 2 2 2 2 2 3 2 4 3 2 5.645107
1 4 4 3 4 2 1 1 2 4 4 4 3 2 4 4 1 4 1 4 3 2 4 2 4 4 1 3 2 1 3 3 2 1 1 2 3 2 4 4 1 2 4 4 3 4 4 2 4 2 2 2 2 4 2 5.719748
3 2 1 3 4 4 4 4 3 1 2 1 3 4 3 4 4 2 2 1 4 3 4 4 2 1 2 3 3 4 2 2 4 2 1 2 1 1 2 2 2 2 1 1 3 3 2 2 2 1 2 4 2 1 2 5.419854
4 3 2 4 2 2 4 4 3 1 2 2 1 4 2 4 1 4 4 3 3 1 4 1 3 4 3 3 2 3 1 1 4 4 2 1 2 1 3 2 3 2 2 2 4 3 1 2 4 1 2 1 4 4 2 5.442731
4 2 1 2 3 3 1 4 4 4 1 3 3 1 4 2 1 2 4 1 2 2 4 4 2 1 1 4 1 4 2 3 4 2 3 2 3 3 1 1 3 1 1 2 1 3 4 2 2 4 2 3 2 1 2 5.554872
1 2 2 2 4 4 4 3 1 2 2 2 2 4 3 4 2 1 4 4 1 1 4 4 1 1 1 3 3 4 4 2 4 4 2 1 4 2 3 2 1 4 2 1 3 4 3 1 4 1 2 4 1 1 2 5.484712
2 2 3 4 2 2 2 4 1 2 2 1 1 4 3 4 3 4 1 4 2 2 3 3 3 4 1 2 2 2 4 4 1 1 4 2 2 4 1 1 1 1 1 1 4 4 4 4 3 3 2 1 3 2 2 5.394146
3 1 2 2 2 4 2 2 1 1 4 1 2 4 2 1 2 2 2 2 3 4 4 4 3 4 4 3 3 1 3 2 4 3 4 1 3 1 3 2 4 1 1 1 3 1 4 4 1 2 3 2 3 4 2 5.459137
4 4 4 2 2 2 4 1 2 1 4 1 2 4 1 1 2 4 1 4 2 3 4 4 1 4 3 4 2 1 3 2 3 1 2 1 1 2 3 3 1 1 4 2 3 4 2 3 4 4 1 3 2 4 2 5.377069
3 3 4 3 1 1 3 4 4 1 1 1 1 2 4 1 1 4 4 1 4 3 4 2 4 1 3 3 3 4 1 2 4 4 4 1 2 4 3 2 4 1 3 3 3 1 2 2 4 1 3 4 4 1 2 5.601525
1 4 2 4 1 3 4 1 3 2 2 4 4 2 2 3 2 4 1 2 4 2 2 4 2 1 1 2 2 2 2 3 1 2 1 2 2 2 4 2 3 2 2 1 2 3 1 1 2 2 1 4 3 3 2 5.512296
4 4 2 4 3 3 2 2 2 2 2 3 3 3 4 2 2 4 1 3 1 3 4 1 2 2 3 4 2 4 1 4 4 1 2 4 4 1 4 1 4 3 2 2 3 2 1 1 2 3 1 3 2 3 2 5.327502
3 1 4 3 2 3 2 2 1 4 4 1 4 1 4 1 2 3 1 3 4 2 1 1 4 1 4 2 2 3 4 3 2 1 2 1 3 4 2 3 4 3 3 1 1 4 4 4 2 1 4 3 3 2 2 5.517075
3 4 2 1 3 1 4 2 2 2 2 1 4 4 3 1 3 1 2 1 3 1 2 3 3 4 3 2 4 4 1 1 4 3 3 4 2 1 1 2 4 2 4 3 4 4 1 1 2 2 1 4 4 3 2 5.454407
2 1 2 4 2 2 1 1 4 3 1 2 3 1 2 4 3 2 3 3 4 4 4 2 4 4 2 3 1 3 4 3 2 4 2 4 1 1 1 4 3 2 1 3 4 3 3 4 2 1 2 4 3 2 2 5.668485
2 2 2 2 1 2 3 1 4 1 2 3 2 4 3 4 4 3 4 1 4 4 3 1 3 1 2 2 3 2 1 2 4 3 3 4 4 3 2 2 4 2 3 4 2 2 1 3 4 1 1 4 2 3 2 5.651667
1 4 2 1 3 4 1 1 2 3 2 4 3 4 4 1 3 4 4 3 1 4 2 4 4 3 1 2 3 3 1 2 2 4 4 4 4 4 4 4 1 2 1 1 2 4 1 4 3 3 1 4 1 4 2 5.429999
4 2 2 2 1 1 1 1 2 3 3 1 3 3 3 4 2 4 3 3 3 4 1 3 4 4 4 2 3 1 2 4 2 2 3 1 1 2 4 2 2 4 1 1 3 2 1 2 4 1 4 2 1 1 2 5.537950
2 1 1 4 2 3 1 2 4 2 1 4 2 4 1 1 1 4 2 3 2 1 3 2 1 1 3 2 1 2 4 2 4 1 3 2 2 1 1 1 2 2 3 4 3 3 2 3 1 4 2 4 4 2 2 5.640494
2 4 3 1 4 2 1 1 2 2 1 2 3 4 1 1 2 3 3 1 2 3 3 4 4 4 2 1 1 2 4 2 2 2 2 3 4 4 1 4 4 2 2 2 4 1 4 2 3 3 4 1 4 2 2 5.541938
2 3 1 4 3 2 2 3 4 3 2 2 4 2 4 1 4 1 1 1 2 1 2 3 1 2 4 2 2 3 2 1 2 1 1 2 3 1 1 4 1 2 2 3 2 1 3 4 4 3 1 3 1 1 2 5.259285
3 4 2 3 2 3 4 1 1 1 2 1 1 2 1 2 3 4 3 4 2 3 3 2 4 1 4 3 3 3 1 4 3 3 4 1 1 1 3 4 4 4 2 2 2 4 2 1 3 4 2 1 3 3 2 5.394442
2 2 1 2 3 2 1 2 4 1 2 1 4 2 4 4 1 4 2 3 1 2 3 2 4 4 3 3 4 3 1 1 2 1 3 3 1 4 2 3 1 4 2 3 2 3 1 1 3 1 4 3 4 4 2 5.515267
3 2 1 3 4 1 3 1 2 1 2 4 2 1 2 1 4 3 4 2 3 3 2 4 2 4 4 3 2 3 4 3 1 4 4 2 1 4 4 1 1 3 3 1 2 2 2 4 3 4 3 4 1 1 2 5.582987
4 4 1 4 3 1 1 1 4 2 2 1 3 4 4 4 3 4 1 4 2 1 4 4 2 1 3 1 3 2 3 4 2 4 1 4 2 1 4 1 3 4 3 2 4 1 1 1 1 1 2 4 2 1 2 5.738630
1 4 1 4 3 1 3 1 4 2 1 2 1 1 1 3 4 4 4 1 3 1 1 4 1 2 2 1 3 1 1 3 1 2 4 4 4 1 4 4 2 1 3 1 3 1 1 3 3 3 1 1 1 1 2 5.354033
3 3 2 2 3 1 3 4 3 4 3 3 2 1 1 1 1 4 4 2 1 1 3 2 4 2 3 2 3 2 2 3 2 3 1 1 1 4 2 1 3 1 3 4 1 2 3 2 2 1 3 4 2 1 2 5.532845
3 2 3 1 3 2 2 2 2 1 2 1 4 4 3 2 2 2 1 1 3 1 3 1 2 2 3 3 4 1 4 3 3 2 4 3 1 2 4 4 2 3 3 4 3 1 3 3 2 3 2 3 1 2 2 5.387516
3 2 3 4 3 1 2 2 1 3 2 2 3 3 3 2 2 2 4 4 3 1 3 3 1 1 4 1 1 1 4 2 4 3 2 1 1 1 1 1 2 3 1 4 1 4 2 3 2 3 4 3 2 4 2 5.431732
4 3 2 3 3 3 1 2 2 2 1 2 2 3 4 4 1 2 3 3 3 3 3 2 4 4 1 4 3 3 2 3 3 3 1 2 2 4 3 1 2 1 1 1 1 4 3 3 2 1 2 1 3 3 2 5.508256
2 3 3 3 2 1 2 4 2 1 4 2 3 3 2 2 2 1 4 1 3 3 3 4 2 2 4 2 2 3 1 1 2 2 2 4 4 4 2 3 3 1 4 4 4 4 3 1 2 3 1 2 2 2 2 5.496435
3 1 1 2 2 1 4 2 1 2 1 3 3 3 2 2 4 2 4 1 2 3 3 4 1 1 2 2 1 2 3 1 1 4 2 4 2 2 2 1 3 1 4 3 4 3 3 4 2 4 2 2 2 2 2 5.543940
3 4 3 3 4 2 2 2 4 2 4 4 4 1 2 2 3 2 1 1 3 3 3 4 3 2 2 3 3 1 1 1 2 4 4 4 4 3 3 2 1 2 3 3 1 3 3 1 2 3 2 1 4 4 2 5.428545
2 2 4 2 2 4 2 4 1 3 2 1 3 1 1 4 4 1 3 4 3 3 3 1 2 2 1 2 3 4 1 2 2 2 2 2 3 2 2 4 3 2 1 2 3 2 1 1 4 4 4 2 2 1 2 5.667263
1 1 1 4 2 2 2 4 2 3 2 2 4 4 2 4 4 2 1 1 3 3 3 1 4 1 2 2 2 4 1 4 4 1 4 1 1 1 4 2 1 2 1 3 4 3 3 1 4 3 2 2 2 3 2 5.434050
1 4 3 4 1 1 1 2 2 2 4 4 3 4 4 1 4 2 3 1 1 2 3 2 4 3 1 1 3 1 1 4 1 1 2 4 4 3 2 4 2 4 2 3 1 3 1 1 2 4 1 3 2 2 2 5.713808
3 4 1 1 2 4 4 1 4 4 3 4 1 1 2 1 3 4 1 2 4 3 1 2 3 3 3 2 1 3 1 1 2 2 4 4 4 4 2 2 2 4 2 4 1 3 1 3 3 3 4 2 1 2 2 5.548777
3 1 3 1 1 4 2 2 3 2 1 3 2 1 4 2 4 2 2 1 1 2 1 1 1 2 2 2 4 3 4 1 4 4 4 3 4 3 3 4 4 3 2 4 4 3 1 4 3 1 3 2 3 4 2 5.563127
1 2 2 4 3 2 3 1 2 2 2 2 2 1 1 4 3 3 1 2 2 2 4 2 1 1 2 3 3 2 1 1 4 3 4 2 4 1 3 4 1 3 1 1 2 2 1 1 4 3 4 2 2 3 2 5.505728
2 4 3 2 2 2 2 4 2 3 1 3 2 2 2 1 3 3 2 2 2 4 1 2 2 2 2 3 2 2 2 4 3 3 2 4 3 4 3 2 3 3 3 4 4 3 2 1 4 3 3 4 1 2 2 5.263411
1 2 2 2 2 4 3 1 1 3 3 3 2 3 4 2 3 4 2 4 3 2 3 2 1 4 4 3 3 3 3 4 2 2 3 2 4 1 4 2 4 3 1 1 3 2 1 3 4 4 3 3 4 3 2 5.520497
2 3 3 2 2 2 4 2 4 3 3 2 2 4 4 2 1 3 4 2 3 3 1 2 2 3 3 1 1 1 3 3 3 4 3 2 3 1 4 4 3 3 2 4 4 4 4 2 2 1 4 2 2 4 2 5.379777
3 4 2 3 2 3 2 2 2 4 4 3 2 3 4 2 4 3 4 2 2 1 2 2 2 4 3 4 2 3 4 2 4 2 4 4 3 2 2 2 4 1 2 2 3 3 2 2 4 2 1 3 3 4 2 5.224812
2 2 4 3 2 2 4 1 3 3 2 3 4 3 3 2 4 4 2 3 4 1 2 2 4 4 3 4 4 4 4 2 2 2 3 3 4 3 3 3 2 4 3 3 2 1 2 2 4 3 3 3 4 4 2 5.577178
3 4 2 2 4 3 2 2 4 3 3 4 2 2 4 2 4 4 2 2 4 3 2 3 1 3 2 3 4 3 4 3 3 2 2 3 4 4 4 3 1 1 4 4 1 3 1 4 2 2 2 3 2 4 2 5.412161
4 2 3 4 4 2 3 2 2 2 4 2 4 2 3 3 3 4 2 3 3 2 2 1 3 4 2 3 2 2 2 4 4 2 2 4 4 2 3 4 3 3 2 1 3 2 3 4 2 2 1 4 3 1 2 5.732252
3 4 2 4 2 4 2 3 4 3 2 1 2 2 2 3 1 3 4 2 2 2 4 4 2 2 4 3 4 4 3 2 2 1 4 2 3 1 4 3 1 2 3 3 3 2 4 2 4 2 4 3 2 2 2 5.371709
2 3 2 2 2 4 3 4 4 4 3 3 4 2 2 1 2 2 4 2 3 2 4 3 2 2 2 3 3 1 3 4 4 1 2 3 3 1 2 3 1 2 4 2 4 4 4 1 4 1 3 4 4 3 2 5.374200
2 4 1 3 2 4 4 3 1 1 1 1 3 1 3 1 3 2 3 2 1 4 2 2 3 2 1 4 4 2 2 1 4 1 4 2 1 4 2 3 2 3 4 4 1 3 2 1 1 4 4 3 4 4 2 5.426226
4 2 3 1 3 1 3 1 1 2 1 4 2 2 4 1 1 1 4 2 4 4 2 1 4 3 4 3 2 3 1 2 3 2 3 1 1 1 2 4 3 2 3 2 2 4 3 4 2 1 4 3 1 3 2 5.551074
4 2 1 1 1 1 2 4 1 4 1 2 1 2 3 3 1 2 2 3 3 2 2 1 1 1 2 2 4 2 4 2 4 2 1 4 1 2 2 1 2 2 3 2 1 3 1 1 1 3 3 1 1 2 2 5.713996
3 1 2 1 4 1 1 1 2 2 4 3 4 2 1 1 2 2 2 2 1 3 3 2 3 4 4 2 3 4 3 4 2 2 1 1 1 3 1 1 1 2 1 4 2 1 3 2 1 1 4 2 4 2 2 5.558549
2 4 3 2 2 1 4 2 4 3 2 3 3 4 1 1 4 2 2 4 3 4 2 1 1 3 1 2 1 2 3 1 2 3 1 1 1 2 1 2 2 2 1 3 4 1 4 2 3 4 1 1 1 1 2 5.693900
2 3 2 2 3 4 1 3 4 1 1 4 3 3 3 4 4 1 2 2 3 4 1 1 4 4 3 2 3 1 2 1 1 3 3 2 4 4 4 3 3 4 1 1 4 2 3 3 3 4 2 4 1 4 2 5.560864
1 1 1 3 3 1 1 4 3 1 3 1 3 1 3 3 4 4 1 2 3 2 4 1 4 2 4 1 1 4 1 2 4 2 4 4 4 2 2 4 1 1 1 1 1 4 4 1 4 4 1 3 2 2 2 5.520585
2 1 3 3 2 4 2 2 1 4 3 2 3 2 2 2 1 2 1 1 1 3 3 2 3 3 3 4 1 3 2 2 3 4 4 4 1 4 3 3 3 1 3 4 2 4 4 4 3 2 2 2 2 4 2 5.308527
3 1 3 1 2 1 2 1 4 2 2 3 1 2 2 4 3 4 4 3 1 4 3 2 2 3 4 1 1 3 2 4 2 2 2 2 2 1 2 2 3 1 1 3 3 2 3 3 2 2 3 2 2 1 2 5.209025
4 3 2 4 1 4 4 2 4 2 3 3 4 2 2 3 2 2 2 3 2 2 2 3 2 4 4 2 2 3 1 2 2 4 3 3 1 1 3 1 1 1 3 2 3 2 2 2 1 1 1 2 4 3 2 5.600926
3 3 2 3 2 2 2 2 4 3 4 4 2 4 1 4 3 1 3 2 3 4 4 3 4 4 3 3 4 3 1 2 2 4 4 4 3 1 1 2 2 4 3 2 3 2 2 2 2 1 3 3 2 1 2 5.411239
4 4 3 1 2 1 1 3 4 1 2 2 4 4 4 3 2 2 3 1 3 4 2 4 3 2 2 2 1 3 1 3 3 3 4 3 2 2 4 3 1 2 4 2 1 4 3 4 3 4 3 1 4 4 2 5.608754
2 4 4 3 1 2 1 3 3 1 2 2 4 2 4 1 3 3 3 2 4 4 2 2 3 3 4 2 1 3 3 4 1 3 2 3 4 2 3 4 2 2 4 2 4 2 2 1 1 2 2 4 4 1 2 5.506321
4 4 3 2 1 3 1 3 2 3 2 4 3 3 1 1 4 3 2 1 4 3 3 2 2 2 1 2 4 1 4 1 2 4 3 3 1 3 2 4 2 3 3 2 3 1 2 1 1 2 2 2 2 4 2 5.251341
2 1 3 1 4 2 4 3 3 4 2 3 3 1 3 4 1 2 4 2 2 1 3 1 1 4 3 4 2 4 2 3 2 4 2 4 2 4 3 2 4 3 1 4 4 4 4 2 3 3 3 4 4 2 2 5.682349
3 4 4 2 1 3 3 2 1 3 2 4 4 2 4 1 1 1 2 2 3 3 2 4 3 3 3 1 4 3 2 1 2 1 2 1 2 4 3 3 4 4 3 1 2 4 2 4 4 1 2 3 1 3 2 5.335698
4 4 4 1 4 2 1 2 3 1 1 1 3 3 1 4 4 3 2 2 4 2 2 3 2 3 4 2 2 1 2 3 3 1 3 1 2 4 3 1 1 3 4 3 3 2 3 1 3 1 2 3 2 4 2 5.620646
2 3 1 4 1 2 4 1 1 4 2 3 2 1 2 4 4 2 2 3 3 2 2 3 1 4 1 3 2 3 2 2 1 2 3 1 1 4 1 2 4 1 1 4 3 2 2 3 3 1 1 2 2 3 2 5.436894
1 1 2 4 3 1 4 4 4 2 1 3 2 2 1 4 1 4 2 2 4 3 2 3 1 4 3 4 2 2 1 2 4 1 1 2 2 2 2 3 2 2 3 3 2 3 1 1 3 2 2 1 1 2 2 5.362845
4 2 4 3 2 3 4 3 3 4 2 4 2 1 4 3 3 2 2 1 4 2 4 1 3 2 3 4 2 1 1 2 4 4 4 2 3 3 3 4 1 3 1 2 4 2 1 4 1 4 1 1 3 4 2 5.395651
4 3 4 1 2 4 4 3 4 2 3 4 2 3 3 3 3 1 4 1 2 4 1 2 3 4 4 2 2 2 2 2 4 2 3 3 1 1 4 3 1 3 2 1 3 4 4 4 3 2 4 3 1 1 2 5.476139
3 3 1 4 1 4 2 3 1 3 4 4 3 3 4 3 4 2 3 4 3 3 4 2 4 1 3 2 3 4 1 1 4 1 3 4 4 4 3 1 3 2 3 4 1 2 2 4 3 3 4 1 1 1 2 5.471185
1 3 4 4 4 1 4 2 1 2 4 2 4 1 4 3 4 2 1 1 2 1 4 2 3 3 4 2 3 4 1 4 1 2 4 1 4 2 2 3 1 3 3 1 1 4 3 1 3 2 4 3 3 2 2 5.605666
1 1 3 3 4 2 3 3 4 4 2 3 1 2 3 3 4 2 2 1 4 3 3 2 3 2 1 2 4 3 3 4 4 1 4 3 2 4 2 3 3 4 2 3 3 2 3 4 3 3 2 1 4 4 2 5.387107
4 2 4 2 3 4 4 2 4 2 2 3 2 1 4 1 4 3 3 2 1 3 4 1 4 3 1 3 4 3 3 3 1 4 2 2 3 3 1 2 3 4 1 2 3 3 1 2 3 3 3 1 2 3 2 5.462874
4 2 4 4 2 2 4 1 3 2 3 3 3 4 1 3 3 1 2 3 3 4 2 2 4 3 2 3 2 2 3 4 2 4 4 1 2 2 2 2 4 3 3 1 3 3 2 2 3 2 3 3 1 3 2 5.600712
4 4 2 4 2 3 3 3 1 3 2 3 1 2 2 1 1 3 4 3 1 2 4 2 2 4 2 3 3 3 3 2 4 4 3 1 2 2 1 1 3 4 4 2 2 4 4 3 4 2 3 2 4 1 2 5.422938
3 1 1 3 1 2 2 3 4 2 4 4 1 3 3 1 2 1 4 1 3 3 3 1 3 4 1 1 2 1 4 1 4 4 1 2 2 1 3 2 2 2 3 2 3 3 3 4 2 3 3 2 1 2 2 5.420904
1 1 1 2 2 2 2 4 1 3 1 2 3 3 4 1 4 3 2 1 3 3 3 1 2 3 3 3 3 3 3 4 4 2 1 2 1 2 4 1 3 2 4 2 3 1 3 2 1 4 4 3 1 2 2 5.506508
3 4 4 1 2 2 3 4 2 3 1 2 1 3 1 2 4 1 3 1 3 1 3 4 4 3 1 2 2 4 4 2 3 4 1 3 1 3 2 2 2 2 1 3 1 3 4 4 2 1 3 2 4 3 2 5.429952
1 1 4 1 3 4 2 3 2 4 1 4 3 2 3 2 4 2 1 3 3 1 1 2 1 1 1 1 3 4 3 2 4 3 2 3 4 3 2 1 2 3 1 1 1 2 1 3 3 3 3 1 1 1 2 5.529382
3 4 3 3 2 4 3 2 1 2 2 1 1 4 2 3 1 4 1 2 1 4 3 4 3 3 2 4 4 4 2 4 3 3 2 3 1 2 1 4 2 3 3 1 1 1 3 1 4 3 4 1 2 1 2 5.333409
2 2 3 4 3 1 4 3 2 1 1 3 1 4 3 4 1 4 3 1 2 3 1 1 1 2 3 3 3 1 4 4 1 2 2 4 2 4 2 1 2 2 3 3 4 3 2 1 1 4 4 3 2 2 2 5.608961
3 1 1 1 3 4 3 3 2 2 3 1 1 3 3 2 3 4 1 4 4 3 4 2 1 1 3 2 4 1 4 1 3 3 4 2 4 1 2 2 2 3 4 1 1 4 2 2 3 4 1 3 2 3 2 5.347872
2 3 2 3 4 3 4 1 3 2 4 3 2 1 3 3 4 3 4 3 1 4 1 1 3 1 1 2 3 1 2 2 4 4 2 2 3 3 2 2 3 2 4 2 1 1 2 4 3 2 4 1 4 1 2 5.424710
4 1 3 4 4 1 3 4 3 1 2 2 1 1 1 4 1 2 3 3 3 4 3 4 2 2 3 3 1 1 4 4 2 4 2 1 4 2 3 3 2 4 1 2 2 3 3 1 4 2 2 2 4 4 2 5.613022
4 3 3 4 2 3 1 3 4 1 4 4 4 2 3 2 4 4 4 3 3 1 2 2 1 2 4 3 4 2 3 4 1 1 2 1 1 3 4 3 3 1 3 2 2 1 4 4 1 2 1 2 4 4 2 5.459285
1 4 4 1 2 1 1 3 1 3 2 4 1 2 4 2 3 4 4 2 1 1 2 2 4 2 2 1 4 3 3 4 2 2 1 1 4 3 1 2 1 2 4 2 1 3 3 2 2 2 1 4 3 2 2 5.487827
2 1 1 4 1 2 1 1 2 4 2 1 1 2 2 4 1 3 2 1 1 2 1 4 3 2 4 4 3 3 1 2 1 4 1 1 2 1 2 2 2 4 3 1 4 4 2 2 1 3 2 4 1 2 2 5.524374
1 4 4 3 2 4 2 1 2 3 1 4 2 3 2 1 2 3 3 4 1 4 2 4 1 2 2 2 1 3 2 2 1 1 4 1 2 2 2 1 4 4 2 1 3 1 3 4 3 1 1 1 1 1 2 5.628146
3 3 4 3 3 4 1 3 4 2 4 3 4 3 1 1 1 4 4 2 3 2 1 3 3 4 4 1 3 3 4 4 4 2 2 3 3 3 1 4 1 4 4 1 4 3 4 4 2 3 4 3 3 2 2 5.471244
4 1 3 3 4 4 4 1 2 4 3 1 4 1 4 3 3 1 3 2 4 1 1 2 1 4 3 4 2 1 2 3 4 2 1 3 2 4 1 3 2 3 3 4 4 4 3 4 1 1 4 3 1 4 2 5.699818
3 3 4 1 2 3 3 1 3 1 1 3 1 4 1 2 1 1 4 4 4 4 4 4 1 4 2 4 2 3 4 3 4 3 4 1 2 4 2 4 3 1 2 4 2 2 4 1 1 4 4 1 3 2 2 5.479007
3 4 2 3 1 4 1 2 3 1 1 2 2 2 3 3 3 3 3 2 1 3 2 2 4 3 4 4 1 4 3 4 3 2 1 4 2 3 4 3 1 4 1 3 2 4 2 2 3 4 1 4 1 1 2 5.496831
4 4 2 3 3 2 3 1 1 1 3 1 2 1 2 3 4 3 4 2 4 2 4 3 3 3 1 2 3 4 3 1 1 4 3 2 3 4 3 1 2 4 1 1 4 3 4 4 1 1 3 1 2 1 2 5.575057
2 2 3 3 2 2 4 4 3 2 3 4 2 1 3 3 4 3 2 3 1 1 2 4 1 4 1 4 3 1 3 2 1 3 4 4 3 4 2 3 3 3 3 3 1 3 3 4 2 1 4 2 3 2 2 5.322481
3 4 3 3 2 3 2 4 2 1 3 3 1 2 2 1 2 3 3 3 4 2 4 1 1 3 1 4 3 4 4 2 2 3 3 4 3 4 4 1 1 3 2 3 3 2 3 4 3 4 1 1 4 2 2 5.306621
3 4 3 2 1 4 3 1 3 3 4 3 2 3 3 3 2 4 2 2 3 4 4 2 3 2 2 3 3 4 3 1 3 3 4 4 4 2 2 1 3 4 1 3 2 3 1 3 4 2 4 3 1 4 2 5.343711
1 1 2 4 2 3 1 3 3 3 3 4 1 4 3 2 2 4 3 2 3 4 4 3 2 2 3 4 3 3 4 2 1 2 3 1 4 1 4 1 1 1 4 3 1 4 4 3 2 3 1 3 4 1 2 5.401094
2 3 2 2 3 4 4 2 3 2 1 4 1 2 1 1 4 3 2 3 1 2 4 3 1 3 2 4 4 2 4 4 4 1 3 4 1 2 4 3 4 3 4 2 2 1 4 3 4 1 4 4 3 4 2 5.370933
2 3 2 4 1 2 1 2 1 4 3 4 1 3 1 3 2 3 2 1 3 1 4 2 3 2 3 4 1 2 4 4 3 1 4 4 3 4 4 4 2 3 2 3 2 1 4 4 4 1 4 4 1 3 2 5.591650
2 2 3 3 1 1 2 3 2 1 4 2 1 2 1 2 4 1 2 4 4 3 3 4 1 1 4 3 3 1 2 3 2 3 1 2 3 1 1 3 1 3 4 1 3 2 3 4 3 3 2 2 4 3 2 5.518058
4 2 1 3 3 2 3 1 2 2 2 4 4 1 1 3 4 2 4 4 1 3 2 3 3 1 2 3 3 3 4 2 3 3 1 1 1 1 2 4 1 1 1 2 4 3 4 3 4 3 3 3 4 2 2 5.606537
1 3 4 1 4 3 1 2 3 2 2 1 4 4 3 1 3 4 1 4 3 1 1 2 1 4 3 2 3 2 1 4 1 4 1 2 2 3 2 2 1 3 1 1 2 4 4 1 4 3 1 1 3 1 2 5.435211
3 3 4 3 3 2 2 2 2 1 4 1 3 4 3 3 3 1 1 4 3 4 1 1 3 1 1 2 1 2 1 1 4 3 3 1 4 4 4 1 2 3 1 2 1 3 1 3 1 4 2 3 3 1 2 5.539856
1 3 4 3 2 1 3 1 2 2 2 4 2 4 3 4 2 1 1 1 3 2 3 3 2 2 4 3 4 1 4 3 4 4 4 1 4 3 2 3 4 3 2 2 1 3 1 1 4 2 1 4 1 3 2 5.361987
1 3 2 3 4 4 4 3 3 3 4 4 3 4 2 3 3 1 2 2 4 1 4 1 2 1 1 4 3 2 3 3 2 2 2 4 4 4 3 1 1 1 3 4 2 1 1 2 1 3 4 3 2 2 2 5.403120
2 3 1 3 3 3 4 1 4 1 2 2 4 1 4 2 4 4 4 1 4 3 2 1 2 1 4 2 2 1 4 4 4 2 3 1 1 4 2 1 1 3 1 2 1 4 3 1 2 4 4 1 1 2 2 5.552208
2 1 2 4 1 1 1 2 3 2 2 4 1 1 2 2 4 1 1 4 3 3 1 2 1 1 2 4 3 2 4 3 4 1 1 3 2 1 4 1 3 4 2 4 4 2 1 1 2 4 1 4 4 2 2 5.512300
2 2 3 1 1 1 2 1 2 2 3 1 2 3 4 1 2 4 3 2 1 4 3 2 3 2 3 4 2 3 2 1 4 2 3 3 2 2 4 1 4 4 2 1 2 3 2 1 4 2 4 1 2 4 2 5.391783
1 2 1 2 2 4 3 1 2 4 4 4 3 1 2 1 1 1 2 1 2 3 1 1 2 2 2 4 4 4 4 2 3 1 2 1 4 3 3 2 4 4 2 3 4 2 2 1 3 1 4 3 1 4 2 5.685819
3 2 3 2 4 2 1 2 2 1 4 4 4 1 1 2 1 4 3 4 4 1 2 3 4 3 3 2 1 3 2 3 2 1 2 1 3 3 3 2 1 4 4 2 3 1 4 2 4 1 2 4 1 4 2 5.473657
1 4 2 2 3 2 3 1 3 2 3 1 3 1 2 1 1 2 2 4 2 2 1 2 4 2 2 3 2 1 1 4 1 3 2 2 2 4 1 4 4 3 4 1 4 1 3 4 4 2 3 2 4 3 2 5.576314
2 3 2 2 2 3 1 1 1 1 4 2 2 2 1 4 2 3 1 2 2 1 3 3 2 2 4 3 2 2 1 4 3 4 3 4 4 4 2 4 3 3 3 4 2 4 1 2 1 3 2 4 4 4 2 5.542127
4 3 1 4 1 4 4 4 3 3 3 2 3 2 3 3 3 3 2 1 4 2 3 4 4 4 3 2 4 3 2 3 3 2 1 1 4 3 4 2 2 1 1 4 3 3 4 4 4 4 3 1 2 3 2 5.565500
2 2 2 3 4 1 2 2 3 3 1 3 3 3 4 1 1 4 3 2 3 4 4 2 1 1 2 1 4 1 3 2 3 1 1 1 2 2 4 1 3 1 3 1 3 4 3 4 3 2 3 2 1 2 2 5.472868
2 2 3 1 2 4 4 3 3 1 1 3 3 1 2 1 3 2 1 2 1 1 4 4 3 2 3 3 4 2 4 3 4 4 1 2 1 1 1 3 3 4 1 2 1 1 2 4 3 1 1 3 4 2 2 5.431405
3 4 4 4 1 2 2 1 1 4 2 1 3 4 3 4 2 4 4 2 2 2 4 4 2 4 4 4 4 3 2 3 1 3 1 4 3 4 4 3 4 4 3 3 2 4 3 1 2 3 2 3 3 3 2 5.503943
1 1 2 4 1 3 2 4 4 4 4 3 4 2 1 4 4 3 4 4 2 3 1 2 3 4 3 1 1 2 4 3 3 4 2 3 4 3 4 3 3 2 3 4 3 1 1 3 1 2 3 4 4 2 2 5.496567
1 4 1 4 2 2 2 4 4 4 4 3 3 1 1 3 3 3 4 3 3 3 3 1 4 1 2 1 2 2 2 3 3 4 1 2 4 3 2 1 2 2 3 1 3 3 3 4 1 1 3 4 2 1 2 5.555883
1 1 4 1 4 2 1 3 3 4 4 2 3 2 3 4 4 1 4 4 4 3 3 2 1 3 3 2 3 3 3 1 2 2 2 3 1 4 3 2 3 2 4 2 3 1 2 2 1 4 3 2 4 2 2 5.669351
4 1 3 2 4 3 3 4 4 1 3 4 4 2 3 2 2 1 4 2 1 3 4 3 1 4 2 3 2 1 2 2 1 3 3 3 4 1 3 4 2 4 3 4 3 3 4 2 1 1 1 2 4 4 2 5.601080
3 3 2 4 3 4 2 3 1 4 4 1 3 1 2 2 2 4 3 3 1 3 1 4 3 1 4 2 3 3 4 2 1 3 4 1 3 2 1 1 4 3 1 4 4 2 3 1 4 2 1 1 2 1 2 5.525501
4 1 1 1 3 2 2 3 2 3 3 2 3 4 4 1 2 1 1 1 3 4 4 1 4 3 2 3 4 1 4 2 3 3 4 2 2 1 1 4 4 1 2 3 1 3 3 4 3 4 2 4 3 3 2 5.559453
2 2 3 2 3 3 1 2 4 1 1 3 4 1 2 2 1 2 3 1 3 2 4 3 1 1 3 1 3 1 2 2 1 1 3 3 4 1 2 3 3 2 1 3 2 1 1 2 2 2 4 4 3 3 2 5.449574
3 2 1 1 2 1 2 4 1 3 2 2 1 3 3 3 1 3 1 2 2 1 2 1 2 1 2 3 4 2 4 3 1 2 3 2 3 1 3 4 3 3 3 1 1 1 2 4 1 4 3 1 2 3 2 5.454433
1 3 4 1 1 2 1 3 3 3 2 2 2 2 2 1 4 3 1 2 2 4 3 3 1 1 2 2 3 1 2 2 4 3 4 1 1 3 4 2 2 3 4 4 2 1 1 1 1 1 2 2 2 3 2 5.444206
2 1 4 2 3 2 3 3 1 1 2 3 2 4 2 4 3 4 2 3 4 4 2 3 3 2 3 4 3 1 1 2 3 3 1 3 2 4 1 4 4 4 1 2 3 4 3 1 1 1 4 4 3 3 2 5.463071
2 2 1 3 1 4 4 2 4 2 4 3 2 1 2 2 3 4 2 3 1 3 2 2 3 2 4 3 2 4 4 2 3 1 4 4 4 4 3 3 1 1 4 2 3 4 2 4 4 4 3 3 3 1 2 5.488269
2 2 1 4 2 4 1 2 4 2 4 4 2 1 1 2 3 3 2 2 3 2 4 4 1 2 4 1 3 2 3 1 3 4 4 3 4 4 3 4 4 3 2 3 4 4 2 4 2 2 4 3 2 1 2 5.556024
1 4 1 2 2 4 4 2 3 3 4 2 4 4 2 4 3 3 2 4 2 2 4 4 3 4 4 4 2 3 1 4 4 3 4 4 3 4 3 2 1 1 2 1 4 3 2 1 3 4 4 4 2 1 2 5.568888
4 4 1 4 4 1 4 2 4 4 3 3 4 4 2 3 2 2 2 2 4 3 2 4 4 1 4 1 2 3 1 3 2 4 4 2 4 4 4 3 3 2 4 2 3 4 1 4 3 4 3 3 1 1 2 5.546197
4 3 3 3 3 4 4 1 2 1 1 4 1 4 3 2 4 1 4 1 3 2 1 3 2 2 2 4 1 4 3 4 2 3 4 4 1 1 3 4 2 1 4 1 2 3 4 1 3 1 2 2 4 4 2 5.478770
1 1 2 4 3 4 1 3 3 2 2 2 1 1 3 2 4 4 1 4 4 1 3 1 1 1 2 1 2 3 4 3 3 4 2 2 1 4 4 4 1 2 2 3 2 3 4 1 4 3 3 1 2 1 2 5.508737
2 4 1 3 2 2 2 2 2 4 4 3 2 4 3 1 4 2 1 1 1 1 2 2 2 3 3 2 2 4 1 4 3 1 1 1 2 2 4 2 1 2 1 1 2 3 3 3 1 1 4 1 3 2 2 5.548260
3 3 2 2 2 1 4 4 1 4 2 1 2 1 2 2 1 4 1 4 2 3 3 4 3 2 4 1 4 3 4 4 1 4 4 2 4 4 2 2 1 2 1 1 1 3 4 4 4 2 2 1 2 2 2 5.504014
4 1 4 2 2 2 2 2 4 4 2 2 4 3 3 1 4 4 1 1 2 1 3 1 1 3 3 1 4 3 4 3 2 1 1 1 1 4 3 2 1 2 3 1 2 3 3 1 1 2 3 4 2 1 2 5.491562
1 4 1 2 4 3 4 2 2 1 2 1 2 1 2 1 3 2 1 1 3 1 1 2 2 2 2 2 3 4 1 3 1 3 2 3 4 2 4 1 2 3 2 1 3 2 1 2 4 3 1 4 2 2 2 5.582828
2 2 2 1 1 4 3 2 2 2 3 2 1 4 2 3 2 2 4 2 3 4 4 3 2 1 4 4 1 3 4 1 4 4 2 2 1 2 1 3 1 3 1 2 2 2 1 3 1 2 1 4 4 3 2 5.401662
4 2 1 3 1 4 2 1 3 1 4 4 2 2 3 2 4 3 4 4 4 4 4 3 4 1 2 4 1 3 1 1 1 4 1 2 3 1 4 4 3 3 4 4 4 2 3 4 1 1 4 4 2 1 2 5.463703
3 3 4 3 4 4 4 1 4 2 2 1 4 4 2 2 1 2 4 4 4 3 4 1 2 1 3 2 3 4 2 1 3 1 4 1 1 2 4 4 3 2 1 2 3 1 2 4 4 4 3 3 4 4 2 5.494729
4 3 2 4 2 2 1 2 1 1 2 4 3 4 1 1 2 2 3 1 3 4 3 3 3 1 3 1 3 4 4 1 4 2 1 2 2 1 2 4 4 3 3 2 2 4 4 1 4 4 4 3 3 4 2 5.601066
1 4 2 2 1 1 1 2 3 2 2 4 4 4 4 1 2 1 3 3 3 4 4 4 2 2 4 4 2 4 4 4 3 3 1 4 1 4 2 4 3 3 3 1 2 3 2 1 1 2 4 2 1 1 2 5.543354
1 3 2 3 4 1 1 2 1 1 1 2 3 4 2 2 4 4 3 3 4 2 4 3 3 4 2 3 4 4 4 3 4 2 2 3 2 1 4 4 2 3 2 4 3 1 4 1 1 1 3 2 3 3 2 5.528441
1 1 2 2 1 1 2 3 4 4 3 3 3 4 1 4 1 2 1 3 2 3 4 4 1 4 2 2 4 1 4 3 4 4 4 3 2 1 1 1 3 3 4 3 3 4 3 2 2 4 4 1 2 4 2 5.569453
3 3 3 3 1 4 2 1 2 2 3 4 3 1 2 2 1 3 2 1 4 2 3 3 2 2 4 1 4 2 1 4 2 3 1 1 1 4 4 4 3 1 4 3 1 2 4 1 4 4 4 4 2 3 2 5.528473
3 3 1 2 2 3 4 2 1 1 4 4 4 4 4 1 4 1 1 4 2 4 3 3 3 3 1 4 2 2 1 1 2 3 2 1 2 2 3 2 3 4 2 3 1 2 2 2 4 1 4 4 3 3 2 5.520140
1 3 4 2 3 3 1 4 3 2 4 1 4 1 1 2 4 2 3 3 4 2 4 3 2 4 2 4 3 2 2 3 3 4 3 2 2 2 3 4 4 1 1 4 4 4 3 3 1 1 1 2 3 4 2 5.696876
3 2 1 2 3 4 4 4 2 3 2 4 4 1 2 2 4 4 4 2 4 1 3 1 1 4 2 2 3 4 3 3 4 3 3 4 4 4 2 3 2 3 3 2 4 2 3 4 4 2 3 1 1 3 2 5.627516
4 2 4 3 2 4 4 3 2 4 3 3 1 3 4 1 3 2 2 4 2 4 1 4 4 4 3 3 2 1 1 3 3 4 4 1 3 2 3 4 1 3 1 3 2 3 3 1 3 3 4 2 1 2 2 5.458571
3 4 3 4 3 2 2 1 4 4 3 3 4 2 2 1 3 1 3 1 3 1 3 4 2 3 4 3 4 3 3 4 2 1 1 1 2 2 1 1 3 3 1 1 2 4 2 2 4 3 4 4 3 1 2 5.567815
1 4 1 2 3 3 3 3 2 3 1 1 3 2 4 2 3 3 2 3 1 4 1 1 1 3 1 1 4 2 4 2 2 2 2 1 3 3 4 1 3 1 4 1 2 1 4 1 4 3 1 4 2 3 2 5.581517
1 2 1 1 3 1 2 3 1 4 1 4 2 1 2 2 3 2 4 1 1 2 2 1 1 1 1 2 2 4 3 2 2 3 1 4 3 1 1 2 1 4 4 3 1 3 2 1 3 1 3 3 3 3 2 5.482665
3 4 4 2 3 3 1 4 2 3 1 4 3 4 4 1 4 1 1 3 2 3 1 3 4 3 3 4 2 4 3 1 1 1 3 4 3 4 3 4 2 4 3 4 4 3 2 4 1 1 1 4 2 1 2 5.601237
3 3 3 3 4 2 1 4 1 3 4 3 2 1 3 3 1 4 2 2 4 4 1 4 2 4 2 4 1 1 4 3 4 4 1 1 1 2 3 4 2 3 3 1 3 1 3 2 3 4 2 4 2 3 2 5.421664
3 2 3 3 2 2 3 2 4 3 4 4 2 3 1 3 3 1 3 3 1 4 4 2 1 3 1 2 4 3 1 2 1 4 4 1 4 4 4 2 4 1 1 3 1 4 3 4 1 2 2 3 1 3 2 5.339335
1 2 2 3 2 4 3 3 4 4 3 4 4 2 3 4 2 1 4 1 4 4 4 1 3 4 2 3 1 2 4 4 3 2 4 4 4 4 3 2 1 1 4 4 4 1 2 3 2 1 2 1 4 2 2 5.591927
4 4 3 1 2 4 3 4 2 2 3 4 2 2 1 2 3 3 3 4 3 1 2 1 4 3 4 3 1 1 2 3 1 1 1 3 4 2 2 1 1 3 1 3 3 1 2 3 4 3 2 2 1 4 2 5.509218
1 2 3 3 1 2 3 2 3 2 3 3 2 4 1 4 4 1 3 3 2 1 1 2 2 3 2 2 1 4 3 1 2 2 2 2 4 2 3 1 4 3 3 1 2 2 2 3 1 2 4 2 1 1 2 5.569712
3 2 2 1 1 2 3 4 1 3 3 3 3 3 3 2 3 1 1 2 1 1 3 2 3 2 2 2 1 1 4 1 1 3 3 1 3 2 1 4 1 1 2 1 3 4 2 2 2 2 3 4 3 1 2 5.521604
3 3 2 3 3 1 3 1 3 2 1 1 2 3 1 3 2 2 1 1 3 3 2 3 1 1 2 4 1 3 1 2 3 1 1 2 4 3 4 4 4 1 4 1 4 1 4 1 2 3 4 4 4 1 2 5.454222
3 4 3 2 1 2 2 4 2 1 1 3 4 2 4 4 1 4 4 2 3 1 1 4 2 1 2 4 3 2 2 1 1 1 1 1 4 1 4 3 1 4 3 4 2 2 1 1 1 1 2 4 1 3 2 5.522946
4 1 1 2 2 1 1 1 4 4 4 1 3 2 1 2 1 1 3 4 2 2 1 2 4 4 3 1 1 3 3 2 1 2 3 3 2 2 1 3 3 4 4 2 3 2 4 1 2 4 1 4 3 3 2 5.668846
2 2 1 1 2 2 4 2 2 4 4 3 4 1 1 1 1 3 4 2 3 3 1 2 2 1 4 4 1 3 3 2 1 4 3 1 4 1 1 3 1 4 3 3 4 2 4 2 1 1 1 2 4 3 2 5.462008
2 2 4 4 1 1 3 1 4 3 1 4 3 1 2 2 4 3 4 4 2 2 2 1 1 1 1 1 1 3 2 3 4 3 4 3 1 3 3 2 2 2 2 3 2 3 2 3 1 3 1 1 2 3 2 5.567733
4 1 1 4 4 1 3 3 1 3 3 2 2 3 2 2 3 2 4 2 2 3 1 2 4 4 3 1 3 1 3 1 3 4 2 4 4 2 2 2 2 3 3 3 1 4 1 1 4 4 1 3 3 3 2 5.453083
1 4 3 2 4 4 4 3 1 3 4 3 3 1 1 2 4 3 4 3 3 3 4 1 4 1 2 3 4 3 2 3 2 1 3 3 1 3 2 2 2 2 3 2 2 2 1 2 3 3 3 3 2 3 2 5.532827
4 4 3 4 3 2 1 1 4 3 2 3 3 2 1 4 1 3 1 3 1 4 3 1 4 4 4 1 3 1 4 1 3 4 3 2 2 2 4 1 3 1 3 1 2 3 2 1 1 2 4 2 2 4 2 5.585498
2 3 4 1 2 2 2 4 4 4 1 3 3 2 2 4 3 3 2 2 1 1 2 4 4 2 1 2 3 2 2 3 4 4 3 3 1 3 1 2 2 1 2 2 1 3 2 3 4 1 3 3 2 2 2 5.521807
2 2 2 3 1 2 4 3 1 2 2 2 3 4 3 1 4 1 3 1 3 3 3 4 4 2 2 1 3 3 1 3 4 1 3 3 3 2 1 3 2 3 2 2 1 4 1 3 2 2 2 3 4 1 2 5.406575
3 4 1 2 4 3 2 2 3 1 1 2 2 1 1 1 3 4 3 2 4 3 1 4 3 3 1 2 4 2 2 2 4 1 1 3 4 1 3 1 3 3 3 3 2 2 1 3 3 3 4 3 2 4 2 5.319065
1 3 1 4 1 4 4 1 4 2 4 4 1 2 4 1 3 3 2 4 4 4 3 4 3 3 4 4 1 4 3 3 2 4 4 1 2 4 1 1 1 2 1 1 4 2 3 2 2 1 1 2 3 3 2 5.573655
2 1 4 1 4 4 4 1 3 1 3 2 1 4 2 1 1 3 3 4 1 4 1 2 4 1 4 1 4 3 1 2 2 1 4 3 3 3 1 2 2 1 1 4 4 2 3 4 4 4 4 4 2 4 2 5.562790
4 1 2 4 1 1 1 1 4 2 2 3 1 4 4 1 1 4 1 3 1 3 1 4 3 4 1 3 2 3 1 3 2 3 2 3 3 2 1 4 2 2 1 1 4 1 3 3 4 4 4 2 3 2 2 5.606181
3 1 1 3 3 4 2 1 1 1 2 3 2 3 4 1 4 2 1 1 2 1 4 2 2 3 4 2 1 3 1 4 2 3 3 3 2 2 4 2 1 2 2 4 2 3 2 3 3 2 1 2 4 1 2 5.499660
3 3 1 2 1 1 1 1 2 2 4 1 2 2 4 1 2 3 1 2 1 3 2 3 2 4 3 2 1 2 2 4 3 1 4 2 3 1 4 1 3 1 3 4 4 2 2 4 3 4 4 3 4 3 2 5.565883
1 4 2 2 1 3 4 4 1 4 2 3 4 4 1 4 4 2 4 1 2 1 3 3 4 4 2 2 4 3 4 3 2 4 1 4 1 1 2 2 3 3 2 4 2 2 1 1 2 2 3 4 3 4 2 5.398996
4 1 2 4 3 1 4 1 3 2 3 4 2 4 1 4 1 3 4 2 4 3 1 3 1 4 2 4 2 2 2 2 4 4 3 3 1 2 4 2 4 3 1 4 2 3 4 4 4 4 4 4 1 2 2 5.477726
2 2 1 2 4 4 2 2 3 2 1 4 2 4 4 4 1 2 3 3 2 2 4 1 3 3 2 3 1 3 4 4 3 3 1 4 4 3 3 1 3 2 3 2 3 3 3 4 2 4 4 3 2 4 2 5.432850
4 4 4 4 2 4 2 3 4 3 2 1 2 4 3 3 1 3 3 3 2 1 3 1 4 4 4 4 2 4 2 4 4 3 3 3 3 1 2 3 3 2 3 2 1 2 2 1 1 3 3 3 4 2 2 5.349168
3 2 1 1 4 4 4 2 2 4 3 3 4 4 4 2 4 1 3 3 3 2 2 1 2 2 3 1 2 3 4 4 1 3 4 1 1 3 4 3 2 2 3 2 3 3 1 1 2 1 3 3 2 2 2 5.629844
1 1 1 3 4 1 3 4 3 1 1 1 3 1 2 4 1 2 2 3 2 3 2 2 3 1 1 2 3 2 4 1 2 1 3 1 3 3 3 3 2 2 3 4 1 1 4 1 4 3 3 1 3 1 2 5.563860
3 4 1 1 1 4 2 4 4 2 4 2 1 4 4 3 2 3 4 3 3 1 2 4 3 4 1 4 1 4 3 1 4 3 4 3 4 1 1 2 4 4 2 1 2 2 4 3 2 1 4 1 3 3 2 5.325214
3 4 2 2 1 3 3 2 3 1 2 3 3 3 1 4 4 1 3 2 4 4 2 3 4 2 1 1 1 1 1 2 1 2 4 4 2 3 4 2 4 1 2 4 4 3 4 2 3 2 3 4 1 1 2 5.461697
2 4 2 3 3 2 2 2 3 4 3 2 2 1 1 2 3 2 2 3 3 3 2 2 3 3 4 3 2 1 1 4 4 1 3 3 2 3 3 1 1 1 3 4 1 1 3 3 1 3 1 4 3 1 2 5.242141
2 2 1 2 4 3 2 3 1 2 1 3 3 4 3 2 3 3 2 2 2 3 3 1 3 1 2 2 3 3 3 1 4 3 4 2 1 4 2 2 1 4 2 4 3 1 4 1 2 4 1 3 2 3 2 5.463002
2 3 3 3 2 1 1 4 2 2 3 2 1 3 2 1 3 3 3 2 2 1 4 3 4 2 1 2 1 1 2 4 1 3 3 4 3 4 1 4 1 2 3 2 3 3 1 4 3 4 3 2 3 4 2 5.400348
3 3 2 1 2 3 2 1 4 3 4 4 1 1 4 4 4 2 2 3 3 1 3 4 1 3 3 3 4 2 1 3 2 4 3 1 2 1 3 3 4 1 1 4 3 3 2 1 2 1 4 1 1 3 2 5.478434
1 1 3 2 2 3 1 4 4 3 2 3 3 1 2 4 4 2 2 3 3 2 2 3 4 1 4 4 3 4 1 3 2 3 2 1 1 2 1 2 4 1 4 3 4 1 4 4 3 1 4 3 3 4 2 5.284823
4 1 4 2 1 1 1 1 1 4 4 2 4 4 4 1 3 1 2 4 2 4 1 3 4 4 4 3 3 3 2 4 2 1 1 1 1 3 3 3 2 2 3 4 3 3 4 3 4 3 3 2 2 3 2 5.718317
1 1 1 2 4 4 1 1 3 1 2 2 2 2 1 4 3 3 4 3 4 3 1 4 3 3 1 3 3 3 3 3 2 3 1 2 2 1 1 4 3 3 1 1 3 3 4 3 1 2 4 2 1 2 2 5.570615
1 1 3 1 1 1 1 4 4 2 1 1 4 4 4 3 4 2 2 4 1 1 1 3 1 1 1 3 1 2 1 4 2 1 4 1 3 4 3 2 2 2 1 4 3 1 3 1 3 4 2 2 2 1 2 5.714630
3 1 3 2 2 1 1 3 1 4 4 4 1 1 4 1 4 2 1 3 1 4 3 2 1 1 4 2 2 4 1 1 4 4 3 2 4 3 2 2 1 2 1 1 2 2 1 3 4 4 2 2 4 3 2 5.503875
3 2 3 3 3 3 2 1 4 4 4 1 1 4 1 3 3 3 2 3 2 2 2 3 4 4 2 2 3 3 4 2 1 1 3 1 3 2 1 2 4 1 2 1 2 1 3 3 2 1 4 1 2 3 2 5.475941
4 1 2 1 1 4 2 2 4 1 1 1 4 3 2 4 4 3 2 3 3 3 3 2 3 4 2 2 1 4 4 3 1 2 1 4 4 3 1 1 1 1 3 2 1 1 2 4 2 1 2 3 1 4 2 5.642526
1 2 1 1 4 2 2 4 4 1 1 1 1 4 1 1 4 3 3 4 2 1 2 4 3 4 1 1 4 4 2 4 2 3 4 3 4 3 2 1 1 1 3 3 2 2 2 4 3 1 4 1 4 1 2 5.651475
4 4 4 4 1 4 1 4 2 4 4 1 4 1 1 4 4 1 4 2 2 4 4 2 4 3 2 3 3 2 2 1 1 2 2 1 4 4 4 3 1 2 4 2 2 3 1 2 2 4 4 1 4 1 2 5.712498
3 3 2 2 4 1 1 2 4 4 4 4 2 4 4 1 4 2 2 2 4 2 3 2 2 1 2 1 1 4 2 4 1 1 4 2 3 3 4 3 4 1 2 2 3 2 4 2 2 2 3 2 4 2 2 5.486780
2 3 2 2 4 2 4 2 1 1 4 1 3 4 4 4 4 3 2 2 2 2 2 1 2 3 3 1 2 4 2 3 2 3 1 4 4 3 3 2 2 4 2 2 3 1 2 2 4 2 3 4 2 1 2 5.529658
4 4 4 1 4 3 3 3 4 3 1 3 2 1 1 3 3 1 2 4 2 1 3 1 3 1 4 1 4 1 2 4 1 1 3 3 2 1 2 4 3 2 2 2 4 3 2 1 2 1 2 2 3 1 2 5.504370
4 3 2 4 3 1 2 4 4 3 2 4 3 3 1 1 4 2 2 1 1 2 2 2 4 4 3 1 3 1 1 2 4 1 3 4 4 3 4 4 1 2 1 4 4 1 1 2 4 1 4 2 4 1 2 5.353099
4 4 2 3 4 4 4 3 1 2 2 1 2 2 2 4 4 3 3 4 1 3 3 4 1 2 3 1 1 1 4 4 4 4 1 4 4 4 1 4 4 3 1 1 3 1 4 1 4 3 3 3 1 4 2 5.394719
2 3 3 1 4 4 3 2 1 4 1 1 2 3 4 3 3 2 3 2 1 1 1 1 2 4 3 2 4 4 4 4 3 2 1 4 2 1 1 1 3 1 4 4 1 4 1 2 3 4 3 4 3 3 2 5.469200
1 1 3 1 3 2 3 3 1 4 4 3 4 4 4 4 3 1 2 3 2 1 3 1 4 1 2 2 3 2 3 3 2 4 3 2 3 2 1 4 1 2 4 3 3 2 2 2 2 3 1 1 3 2 2 5.474752
4 2 3 2 3 3 4 4 1 1 1 1 1 3 4 1 2 1 2 1 4 1 2 4 1 3 4 2 3 3 1 1 4 2 3 4 3 4 3 2 3 2 2 1 3 2 3 3 3 3 4 1 1 3 2 5.550905
4 4 4 1 1 2 3 3 3 1 1 2 4 4 1 1 3 1 1 2 2 3 2 4 3 1 3 3 4 1 2 1 4 4 4 4 2 2 4 4 3 3 2 3 1 4 3 4 3 2 2 1 1 3 2 5.555852
3 3 4 3 4 4 1 3 2 4 3 2 2 1 4 2 4 1 4 4 1 4 3 3 1 4 1 2 2 1 1 4 4 3 1 3 4 2 2 3 1 1 4 2 4 1 3 4 1 3 2 3 2 4 2 5.609106
4 3 2 1 3 2 3 3 2 2 2 3 4 4 2 2 3 2 4 3 3 3 4 3 3 2 2 1 2 3 4 1 1 2 3 4 1 2 3 3 1 1 4 2 3 3 1 3 4 1 2 1 4 1 2 5.501619
2 1 3 2 3 3 2 2 1 3 2 1 4 4 4 2 4 2 3 3 3 1 1 4 4 3 4 4 3 3 2 2 2 4 2 3 1 4 4 1 4 1 4 3 2 2 1 1 3 1 1 3 4 4 2 5.495710
2 3 3 3 3 2 2 3 4 3 2 1 3 3 2 2 1 4 3 3 3 4 4 4 1 1 2 1 1 4 1 2 3 3 2 1 2 3 3 2 1 2 3 4 3 1 4 1 3 2 1 2 4 3 2 5.357017
2 3 3 2 2 2 3 2 2 3 4 1 2 1 2 4 1 4 3 3 1 3 4 3 3 3 2 3 1 1 2 1 3 2 3 2 1 1 4 3 2 2 3 4 3 2 4 2 4 2 4 2 4 2 2 5.720047
3 1 2 3 2 2 3 4 1 3 4 2 3 4 3 3 2 3 3 3 2 3 4 1 4 1 2 2 3 1 2 2 4 4 4 3 2 4 4 4 1 2 3 3 4 3 2 1 2 3 1 2 2 2 2 5.397222
2 1 2 1 4 3 4 4 4 3 1 3 3 4 1 2 4 3 4 3 4 4 1 1 1 3 1 1 2 1 1 2 4 2 3 4 2 2 4 4 4 2 1 2 3 3 3 3 2 4 1 1 3 3 2 5.640528
2 2 4 1 4 4 3 4 1 1 3 1 4 2 2 1 3 4 3 3 4 1 3 1 1 4 3 2 1 1 3 4 3 1 1 2 4 4 3 1 3 1 3 3 1 2 3 1 3 3 4 4 2 3 2 5.507360
2 4 4 2 3 2 3 4 2 1 4 4 3 3 2 1 4 1 1 2 3 1 4 4 1 3 3 3 3 1 1 1 4 4 4 2 3 2 4 2 1 1 3 2 3 2 3 3 3 2 3 2 1 1 2 5.450637
2 3 3 3 3 2 2 4 2 4 4 2 3 3 4 1 4 1 3 1 2 3 4 2 1 3 3 4 4 3 4 3 3 3 1 2 4 1 4 4 1 4 3 2 1 2 2 2 2 4 2 2 1 2 2 5.440752
3 3 3 4 1 4 4 2 4 1 1 1 2 3 4 4 2 1 2 3 3 2 4 2 3 3 3 4 3 3 3 2 4 4 2 4 1 2 1 1 2 4 3 3 3 3 4 2 2 2 1 1 4 2 2 5.615016
3 3 4 3 2 4 4 4 4 1 4 2 3 2 1 2 3 2 3 1 2 4 2 3 3 4 4 3 2 2 2 2 4 2 4 4 2 2 1 2 1 1 1 2 4 3 3 3 1 4 4 2 1 2 2 5.655002
2 4 1 2 1 4 2 4 3 3 2 4 4 2 1 4 2 1 4 4 4 4 3 4 4 2 4 1 2 2 2 1 2 1 1 2 4 4 4 4 1 1 2 1 2 1 3 2 3 2 4 4 2 1 2 5.536430
1 4 2 2 1 4 4 2 3 2 4 4 2 1 4 4 3 1 2 2 1 1 3 2 2 2 3 1 2 1 3 4 4 1 3 3 3 2 4 2 1 1 4 4 2 2 3 1 1 2 1 2 1 4 2 5.568381
2 2 1 2 2 2 4 2 4 4 3 2 2 3 4 2 3 1 4 4 4 2 2 4 1 4 1 2 2 1 1 1 4 1 1 4 4 3 3 3 1 4 4 4 2 4 2 2 4 1 4 2 1 3 2 5.452605
1 2 2 1 2 4 3 3 3 1 4 3 2 4 3 4 3 3 2 2 4 1 2 4 2 4 2 2 4 1 2 4 4 4 2 4 2 3 1 1 2 3 4 4 4 3 1 2 2 4 2 3 4 1 2 5.582547
1 4 2 4 3 4 2 4 3 3 4 2 1 4 4 4 3 4 4 2 4 3 4 4 1 2 1 4 1 4 1 1 2 4 1 1 4 2 3 4 3 1 4 4 1 4 3 2 2 3 2 1 4 2 2 5.534707
2 4 4 4 2 3 4 3 4 4 1 2 3 2 2 3 3 3 1 1 4 3 1 2 4 1 1 3 3 1 4 1 4 2 4 3 1 1 3 3 3 2 2 4 1 1 1 3 3 4 1 1 3 2 2 5.487865
4 1 2 3 3 3 3 3 3 2 2 2 1 2 4 4 3 4 1 2 1 4 3 4 3 4 2 3 4 1 3 4 1 4 1 1 1 1 2 2 4 3 1 4 2 4 1 1 3 3 1 4 3 3 2 5.418320
4 1 1 2 3 4 3 4 3 1 4 3 3 2 3 1 3 4 3 3 4 4 4 4 2 1 4 3 1 3 4 2 3 3 4 1 3 1 3 1 2 3 4 1 4 4 1 4 3 1 4 2 1 3 2 5.563283
4 3 2 1 2 2 2 4 3 3 4 2 4 2 3 4 3 1 2 2 4 4 2 3 3 4 3 2 1 1 3 2 4 1 3 2 3 1 1 2 4 1 1 3 1 3 3 4 1 4 3 3 1 1 2 5.436422
2 2 2 2 3 4 3 1 2 1 1 1 4 1 3 3 2 4 4 1 3 4 4 2 2 2 2 3 3 2 4 1 1 3 2 3 4 4 4 4 3 2 2 4 2 2 3 3 3 1 2 2 4 2 2 5.450084
2 2 4 3 1 1 1 2 4 1 3 2 2 3 2 2 3 2 1 2 4 3 2 3 2 1 2 3 3 2 3 2 2 3 4 2 4 4 1 2 2 2 1 4 4 2 3 1 4 3 3 3 4 4 2 5.514463
4 2 2 3 1 4 2 1 3 1 4 1 3 1 3 2 1 1 3 4 4 1 3 4 2 4 1 3 3 3 2 1 3 3 2 2 1 3 4 3 1 1 1 2 4 4 3 1 2 3 3 4 2 1 2 5.663998
4 2 4 3 1 3 3 3 3 1 4 1 4 1 2 3 3 2 4 4 1 2 4 2 4 4 3 3 3 3 1 4 4 1 2 3 4 3 4 1 1 2 2 3 3 4 1 1 1 1 4 1 3 3 2 5.504819
4 4 1 3 3 1 3 3 1 1 4 3 2 3 1 3 1 3 2 1 1 1 2 3 2 3 4 3 1 2 4 1 3 1 3 4 1 1 2 4 1 2 4 2 4 3 1 4 4 1 4 4 3 4 2 5.512111
2 4 3 4 3 3 3 3 2 1 1 2 1 1 4 3 3 3 2 3 1 4 4 2 2 1 3 2 2 4 2 4 1 2 3 3 1 1 3 4 4 2 4 2 1 2 1 1 3 3 1 2 2 3 2 5.439298
2 3 3 3 3 1 2 1 3 4 2 2 2 3 3 3 1 3 1 2 1 1 4 2 4 2 3 3 1 3 2 3 3 4 3 3 4 3 2 2 3 3 3 4 2 1 2 1 1 3 4 3 3 3 2 5.360033
2 2 2 4 2 4 2 4 1 2 4 1 2 4 4 2 2 2 4 2 3 4 2 1 3 4 3 2 1 1 2 4 4 4 1 3 4 2 2 4 1 4 1 4 3 1 4 1 1 2 1 2 1 3 2 5.591519
4 2 4 3 2 4 1 2 2 2 4 1 2 4 4 2 2 4 2 4 4 2 2 4 1 4 1 1 1 3 2 4 1 2 2 1 3 3 2 1 3 4 3 2 3 1 2 1 1 1 4 1 1 2 2 5.607929
4 2 3 2 2 4 4 2 1 2 2 2 3 1 2 4 1 1 2 4 4 3 3 2 4 2 4 3 1 3 4 4 1 1 3 4 4 4 4 3 4 1 1 2 4 4 4 4 3 2 3 2 1 4 2 5.472346
4 4 1 4 2 2 2 4 4 1 3 3 3 3 1 2 4 1 4 2 2 1 2 3 2 2 2 1 4 3 3 2 2 2 1 4 3 3 1 1 4 3 1 4 3 2 4 3 3 4 2 2 4 4 2 5.475497
2 1 2 2 2 4 1 3 4 1 1 4 2 4 4 4 3 3 2 3 1 3 2 4 3 4 2 4 2 2 4 3 2 2 4 1 3 2 2 4 3 3 4 4 3 3 4 1 2 1 3 3 3 2 2 5.625952
3 2 3 3 2 2 2 4 4 1 1 1 3 2 4 1 3 4 1 4 3 4 3 4 3 3 4 2 2 1 3 1 4 1 2 1 3 4 3 3 4 3 4 4 2 4 2 2 2 2 4 4 2 3 2 5.490026
3 1 4 4 4 4 1 3 2 1 3 3 4 2 2 1 2 2 3 4 3 3 2 4 2 1 1 1 4 1 4 3 4 4 3 3 4 4 3 1 1 3 3 1 4 3 3 1 4 4 1 2 1 3 2 5.478052
4 1 4 4 2 4 4 3 2 4 1 1 4 4 3 4 3 3 2 3 1 2 1 4 3 4 3 2 3 3 4 4 3 4 4 1 3 4 2 2 3 1 4 4 4 4 3 1 1 4 4 1 1 3 2 5.705135
2 3 2 4 4 1 4 4 3 1 4 4 3 1 1 4 2 3 4 4 3 1 3 2 4 3 4 3 2 3 4 2 4 1 1 4 1 3 3 1 4 4 4 3 4 3 4 2 3 2 2 1 3 2 2 5.532336
1 1 2 4 1 1 1 2 1 4 3 3 3 1 1 2 4 4 3 4 3 3 2 3 1 3 2 4 2 3 3 2 4 2 2 2 4 4 1 4 1 4 2 3 4 2 3 4 4 2 4 3 4 2 2 5.574086
4 3 4 3 1 2 3 2 1 2 1 2 3 1 1 3 3 4 2 3 2 3 2 3 3 3 3 2 2 4 1 1 4 4 4 2 1 2 3 4 4 4 2 3 1 2 3 1 3 4 3 1 3 4 2 5.469950
2 3 4 2 2 1 2 3 2 3 4 3 4 3 4 2 4 4 4 3 4 2 3 2 4 2 1 1 1 4 3 3 4 2 1 3 4 2 4 3 4 1 1 3 1 3 2 4 4 1 1 4 4 3 2 5.375054
4 3 2 4 2 2 1 3 2 4 4 3 3 4 3 1 4 1 1 4 3 1 3 2 3 4 4 3 3 2 3 4 2 4 2 3 3 4 2 3 4 1 1 3 4 2 2 3 3 1 2 3 4 2 2 5.493612
3 4 2 4 2 2 3 4 3 4 3 1 2 4 4 1 2 3 1 4 4 3 2 4 4 1 4 2 2 3 3 4 3 2 2 3 4 4 1 4 3 2 3 3 4 3 4 4 2 2 2 4 2 1 2 5.666959
4 2 1 4 4 4 4 1 2 4 2 4 3 2 3 2 4 2 2 2 4 1 2 1 1 1 4 4 3 2 2 1 4 2 4 3 2 4 3 4 3 4 3 4 1 1 4 1 3 3 4 4 3 3 2 5.420805
1 1 3 1 1 2 2 2 4 4 4 2 1 1 2 1 4 3 2 1 1 2 2 1 2 4 4 2 2 1 2 4 4 4 2 2 1 4 4 3 4 4 1 3 2 3 2 2 4 4 3 2 3 3 2 5.518469
2 4 1 2 2 2 4 4 2 4 3 4 1 1 4 4 2 4 3 1 1 3 2 1 4 1 4 2 4 4 4 2 3 2 2 3 3 3 2 3 2 4 2 4 2 2 4 3 2 3 1 4 3 4 2 5.658874
1 1 2 3 1 2 2 2 4 4 3 3 2 1 4 4 4 2 3 1 1 2 2 1 3 2 1 2 2 2 1 3 2 1 4 2 2 4 3 3 4 4 3 2 3 2 2 4 1 2 4 2 2 2 2 5.639513
1 2 1 1 4 3 3 1 1 1 3 3 1 1 2 3 1 1 1 2 1 1 1 4 4 2 3 1 3 4 2 2 2 3 1 4 3 3 4 4 2 4 3 2 1 2 1 3 1 3 1 1 2 2 2 5.549989
1 3 1 4 1 1 1 3 4 1 1 1 1 1 3 3 4 2 2 2 3 3 4 4 1 1 1 4 1 1 2 2 3 3 2 4 2 4 4 3 1 3 4 3 4 4 1 1 4 3 3 4 2 3 2 5.574692
3 4 1 2 2 3 2 3 1 2 1 1 4 3 1 3 3 2 4 2 4 3 2 1 1 2 1 2 1 4 3 3 3 3 3 4 3 4 3 2 3 2 2 4 2 3 3 3 4 4 4 4 3 3 2 5.454080
1 2 2 4 2 1 1 3 4 3 4 4 1 3 3 4 2 2 3 1 4 4 2 3 1 3 2 1 2 2 2 3 1 4 3 3 1 1 2 3 3 4 3 1 4 2 2 1 1 2 2 3 1 1 2 5.566261
4 3 1 1 1 4 4 4 4 1 1 2 4 4 3 2 3 2 3 1 3 2 2 4 4 2 4 1 2 2 3 4 1 4 4 1 1 2 4 1 1 2 4 2 1 4 3 2 4 4 2 3 3 2 2 5.591240
4 4 4 2 1 1 2 1 1 2 2 3 1 1 4 4 2 2 4 4 1 1 1 4 2 2 4 2 3 4 4 2 1 2 4 3 1 3 2 3 2 2 2 3 3 2 4 1 1 3 4 3 2 4 2 5.571262
4 1 1 3 4 2 4 1 2 2 1 4 1 2 2 1 4 3 2 4 2 4 2 4 4 1 1 2 2 2 4 1 1 2 1 3 2 3 1 4 2 2 4 4 3 1 4 2 3 1 2 2 4 2 2 5.645835
1 3 2 2 2 1 4 1 3 4 3 1 1 2 1 4 1 2 4 4 1 1 3 4 2 1 3 3 1 4 4 2 2 3 2 1 2 4 3 4 2 1 4 4 2 3 4 2 1 1 4 2 4 1 2 5.594880
4 3 3 3 3 1 4 3 2 3 2 3 3 1 2 2 1 3 2 4 1 4 1 2 4 4 1 3 3 1 4 3 2 4 1 1 3 1 1 3 3 1 4 2 4 3 2 3 2 1 3 2 3 4 2 5.317353
4 2 3 1 2 1 1 3 2 3 3 1 3 3 1 1 1 3 3 4 3 1 1 3 2 1 3 4 1 4 1 4 3 1 3 3 4 1 4 1 4 4 2 4 4 3 4 3 2 4 4 1 3 3 2 5.567972
4 1 4 3 1 2 1 1 1 3 3 4 3 1 2 2 3 3 4 4 3 3 3 2 4 1 4 1 1 4 3 3 1 1 4 3 2 3 3 3 1 4 4 1 3 1 2 2 1 1 1 3 2 4 2 5.453887
1 4 3 1 1 1 4 2 4 4 3 4 3 2 2 2 1 2 4 2 3 2 4 4 4 1 1 2 4 2 1 1 3 4 3 1 3 3 3 3 4 1 1 3 2 2 1 4 3 1 3 3 3 3 2 5.599676
2 2 2 1 4 2 2 4 2 2 1 3 3 1 1 4 1 3 2 1 3 3 4 4 2 4 2 4 2 4 3 1 2 3 1 3 1 2 4 1 1 4 3 1 4 2 1 2 1 2 3 3 2 2 2 5.657828
1 2 4 2 2 1 2 1 3 4 3 1 2 3 1 2 3 3 3 2 2 1 1 1 1 4 4 1 1 3 4 3 4 2 3 1 4 4 3 2 1 4 2 3 2 2 4 1 4 1 1 3 4 1 2 5.518822
1 3 1 4 2 2 4 2 3 4 3 1 2 4 2 3 1 3 2 1 2 2 1 4 1 2 1 4 2 3 4 4 1 1 4 4 3 3 2 4 1 4 2 3 4 1 2 1 1 2 3 2 3 1 2 5.516913
2 2 4 4 3 1 3 2 3 1 2 4 2 1 2 4 1 4 2 4 1 4 1 2 4 3 2 1 2 1 3 4 4 3 3 4 1 2 1 4 1 1 1 2 3 2 3 1 3 2 4 3 1 4 2 5.577232
2 3 2 3 2 4 4 2 2 4 2 3 4 1 3 3 1 3 2 1 4 2 4 4 1 4 2 1 1 3 4 3 4 4 1 2 4 4 1 1 1 3 1 2 1 3 1 2 1 3 3 4 2 1 2 5.267298
2 2 2 3 4 4 3 2 3 3 1 3 4 2 2 4 1 1 2 3 1 3 2 4 3 1 4 4 1 3 2 1 2 3 1 1 4 4 2 1 4 1 4 4 1 2 4 3 4 1 2 3 1 1 2 5.760616
2 3 2 1 3 4 2 2 4 4 3 1 4 2 4 4 2 4 2 4 4 3 4 2 3 3 3 3 1 3 4 4 3 3 3 3 4 4 2 2 2 3 2 2 2 2 4 4 4 4 1 3 3 3 2 5.600337
4 2 4 4 3 3 4 2 2 3 4 4 3 3 3 4 3 1 4 2 2 2 1 4 4 2 4 1 2 3 4 2 4 4 4 3 2 1 4 4 3 2 4 3 3 1 4 4 4 4 4 4 3 3 2 5.575091
2 4 2 4 4 3 4 2 2 3 3 4 4 4 4 4 3 2 4 1 3 2 3 4 1 2 3 4 4 4 4 3 4 4 3 4 2 1 3 4 3 4 2 4 1 3 4 2 1 3 2 3 2 3 2 5.388690
4 2 4 4 4 3 4 3 3 4 3 4 2 2 3 1 2 4 4 1 3 1 2 2 4 2 4 4 2 1 2 3 3 2 2 4 3 3 3 3 2 2 1 3 2 4 4 4 4 4 4 1 1 3 2 5.463869
1 2 4 4 3 1 2 4 4 3 4 4 4 3 1 4 4 2 1 1 4 3 4 2 1 1 4 3 4 4 4 1 3 4 3 4 4 4 4 3 4 1 4 2 2 4 1 1 3 4 1 4 3 4 2 5.399774
3 4 1 3 2 1 4 4 1 4 2 3 2 4 3 4 4 2 1 1 1 4 1 3 2 1 1 4 3 4 4 2 1 2 3 3 4 3 3 4 4 1 3 4 2 4 3 1 3 4 1 4 2 4 2 5.474837
2 4 2 2 3 3 4 4 1 4 3 2 2 2 1 2 2 1 1 2 1 3 1 2 4 4 3 3 3 3 1 4 3 1 4 3 3 2 3 4 1 4 1 4 4 4 3 4 4 3 2 2 4 1 2 5.454757
2 2 4 3 4 1 1 3 3 2 2 3 4 4 2 1 3 4 2 1 4 1 4 2 2 3 3 2 4 4 4 1 4 2 3 3 3 3 4 2 4 2 4 2 1 3 2 1 2 2 1 1 2 4 2 5.315034
1 1 1 3 1 3 4 1 2 2 2 2 2 2 1 3 3 4 1 1 4 3 4 2 2 2 2 1 3 4 1 2 3 3 2 3 4 2 1 1 2 3 1 2 2 4 4 4 2 2 2 4 1 2 2 5.402201
1 3 1 1 4 2 2 3 1 1 3 2 1 3 1 4 3 3 2 4 4 1 2 4 4 4 4 3 2 3 2 4 2 1 1 1 3 2 1 1 4 3 2 3 2 1 1 3 3 3 2 1 3 4 2 5.356651
2 2 2 1 1 2 2 1 1 1 3 1 4 4 4 3 1 1 1 3 3 3 2 2 2 3 2 2 3 1 1 2 2 2 4 1 3 3 3 3 4 2 3 2 4 2 1 4 4 4 4 4 4 1 2 5.520164
2 4 2 4 3 1 2 1 2 4 3 2 3 4 1 1 3 4 2 3 1 4 1 1 1 3 4 2 1 1 2 4 1 2 3 3 4 1 4 1 2 2 4 2 3 1 2 4 2 4 2 2 4 2 2 5.617199
4 2 4 3 2 1 1 2 2 4 4 1 4 3 1 2 3 1 2 3 2 2 2 4 3 4 1 1 4 2 3 1 4 4 3 1 2 4 4 4 2 2 4 1 1 4 2 4 3 1 3 1 1 1 2 5.493265
2 2 1 1 2 3 2 1 4 1 4 2 2 4 1 1 4 4 4 1 4 1 4 4 3 3 4 3 4 4 2 3 4 1 1 3 2 2 1 4 2 2 3 2 4 1 2 2 3 3 1 4 1 3 2 5.466673
4 4 2 1 1 2 3 1 3 1 4 3 2 1 4 2 1 1 2 1 3 1 3 2 2 4 4 3 3 2 2 4 2 4 1 1 1 4 4 1 2 2 4 2 1 3 2 4 1 3 3 2 1 2 2 5.584205
2 3 1 3 2 4 1 3 1 3 1 3 2 4 2 1 1 3 4 1 3 4 2 4 3 4 1 1 1 2 4 1 2 3 3 2 1 2 2 3 3 2 1 4 1 1 2 2 3 4 4 4 3 2 2 5.430215
4 1 1 1 4 2 3 1 4 1 1 1 2 4 4 1 1 3 2 2 3 2 1 4 3 1 4 4 2 2 2 1 3 2 3 3 2 2 4 2 1 4 4 3 2 2 4 3 4 2 3 3 4 2 2 5.790240
4 3 4 2 3 3 1 1 3 4 3 1 4 2 4 4 3 3 3 1 3 1 4 4 4 1 1 4 1 1 3 3 3 3 2 2 1 2 4 2 4 4 2 1 1 4 3 1 3 2 4 3 2 4 2 5.469280
1 1 3 3 3 4 4 3 1 2 2 4 4 3 1 3 2 3 2 1 1 1 4 1 1 1 2 3 4 4 3 1 2 2 4 3 2 2 4 4 4 1 3 2 1 4 1 3 2 3 2 3 4 4 2 5.417666
4 4 4 4 4 3 4 1 3 4 4 4 4 4 4 4 3 2 4 4 4 4 2 2 4 4 4 1 3 2 4 1 2 3 3 1 3 3 3 4 2 2 3 4 3 1 2 4 4 3 4 2 1 2 2 5.735298
3 2 3 4 4 3 3 2 3 4 3 4 4 2 4 3 4 1 2 2 4 4 3 3 1 1 4 1 1 3 3 1 4 2 4 4 4 3 1 4 3 2 2 3 3 3 1 2 2 4 1 2 4 3 2 5.444330
2 2 3 3 2 2 1 2 3 3 3 2 3 4 4 3 4 4 2 2 4 4 2 4 4 3 3 4 4 3 3 4 1 3 3 3 3 3 1 4 1 4 1 4 2 1 3 3 4 3 4 1 2 2 2 5.465027
2 1 3 2 3 3 3 3 4 4 4 2 3 1 3 3 3 3 2 4 3 4 2 4 3 1 2 2 4 3 1 4 1 2 2 2 1 4 2 2 2 1 2 2 4 3 4 2 3 1 4 3 2 4 2 5.423230
4 4 1 1 3 3 3 4 3 3 1 4 4 1 3 3 3 2 4 3 3 2 4 4 3 2 1 2 1 1 3 1 2 2 3 4 2 3 2 3 1 2 1 3 3 3 2 1 4 2 2 4 2 3 2 5.528990
1 1 2 4 3 3 2 3 1 3 2 2 4 3 3 3 3 1 3 1 1 1 1 4 1 1 2 2 4 1 2 2 1 1 3 3 2 1 1 4 2 3 2 4 1 1 2 4 1 2 1 2 4 3 2 5.496803
1 4 1 1 1 1 2 3 2 2 3 3 1 1 4 3 1 2 3 3 2 4 4 2 3 1 1 1 1 4 1 3 4 4 3 3 3 2 1 3 2 1 3 4 3 1 4 4 4 3 1 3 3 3 2 5.584542
1 1 1 4 2 3 3 3 3 1 2 3 3 1 1 3 3 1 1 3 1 4 1 2 4 1 3 1 1 3 1 2 2 4 2 3 1 4 2 3 3 4 4 4 1 1 4 3 2 1 2 3 2 4 2 5.453681
3 1 1 1 1 4 1 4 1 2 1 2 3 2 1 4 2 3 3 3 3 4 1 1 3 3 4 1 4 1 1 1 1 1 3 3 3 3 1 3 2 2 1 4 4 3 2 2 3 4 1 3 1 2 2 5.484234
1 1 4 4 1 1 3 4 3 1 1 3 4 1 1 3 4 4 2 2 3 2 3 4 3 1 1 3 3 1 3 1 3 3 4 4 2 2 1 2 4 1 2 1 1 4 1 2 1 1 2 1 2 4 2 5.589250
2 4 1 1 2 1 2 3 3 4 4 1 2 1 4 4 3 2 3 2 4 3 1 4 1 4 4 1 1 1 1 2 2 1 3 3 2 2 4 4 2 4 1 3 3 1 3 3 3 1 1 2 2 4 2 5.515264
1 3 3 3 1 3 1 1 1 2 1 4 4 1 3 1 1 2 4 1 1 3 1 4 3 2 1 1 2 1 2 4 2 1 4 3 3 1 1 3 1 4 3 3 1 2 4 1 4 4 1 3 1 1 2 5.589828
3 3 1 4 2 1 4 1 3 1 1 1 2 3 1 4 4 4 1 1 3 1 1 3 2 4 4 3 4 2 1 4 1 3 3 2 4 2 2 1 1 3 3 1 1 3 1 4 1 4 3 1 2 3 2 5.617267
3 4 3 4 4 4 4 3 2 4 4 1 4 2 2 3 4 4 1 1 4 4 2 3 4 3 3 1 2 2 2 2 2 4 4 4 3 1 2 4 2 2 4 3 4 4 1 3 3 1 3 3 2 1 2 5.476202
4 4 1 4 3 4 4 1 3 2 2 2 4 3 4 3 2 4 1 1 1 4 4 4 4 4 1 4 2 2 3 3 4 4 3 1 1 1 4 4 2 1 1 4 4 3 4 4 2 3 4 1 2 4 2 5.533155
1 4 4 2 2 2 2 3 1 2 1 3 1 4 1 1 2 1 4 4 4 4 4 4 2 3 1 1 3 4 4 4 3 1 1 1 1 1 4 2 4 1 4 4 4 1 3 4 2 1 4 2 4 3 2 5.422967
1 3 2 2 2 1 2 1 2 4 1 4 1 4 3 1 1 1 4 4 2 2 3 4 4 3 2 2 2 3 4 4 1 2 3 2 2 2 4 3 3 1 4 4 4 1 3 4 2 1 2 4 4 1 2 5.506565
4 4 4 2 2 2 3 1 4 4 1 2 4 4 3 1 1 3 4 4 1 4 3 3 4 4 1 1 2 3 4 4 2 1 2 4 2 1 4 4 4 1 4 4 4 2 3 4 1 1 4 2 4 3 2 5.574376
3 1 4 2 3 3 4 4 4 3 4 3 1 3 4 4 2 2 4 4 1 1 3 3 4 1 4 2 1 2 1 4 4 3 3 4 4 1 2 3 1 4 4 4 1 4 3 3 3 2 4 2 3 1 2 5.344255
1 1 3 4 4 2 3 1 1 3 2 4 4 3 3 3 3 1 1 1 1 2 1 4 3 3 4 4 3 3 3 3 1 2 3 3 3 3 2 3 2 4 3 3 2 4 2 2 3 3 2 3 4 1 2 5.472460
3 1 4 2 3 3 3 2 3 2 1 2 1 3 4 1 3 1 1 1 3 4 2 3 3 1 3 3 3 4 2 2 1 4 3 3 2 3 3 1 3 4 1 1 3 4 3 3 4 3 1 2 3 2 2 5.305809
2 3 3 1 3 1 3 4 1 3 4 4 4 4 3 3 3 4 3 1 1 3 1 1 3 2 3 2 3 2 4 1 2 2 4 3 3 1 3 1 4 1 3 1 4 1 1 1 3 2 2 4 3 2 2 5.438427
1 4 1 1 4 4 2 4 3 2 3 2 4 3 2 1 3 2 3 1 4 1 3 3 3 3 3 1 1 3 2 4 1 1 1 2 2 4 2 4 2 1 2 3 4 1 2 4 3 4 2 3 2 4 2 5.373305
4 1 3 1 2 1 1 2 4 1 4 2 3 3 4 2 3 4 4 1 3 4 2 3 1 3 4 2 1 3 4 2 4 1 1 4 1 1 4 1 2 1 4 1 1 2 1 4 1 4 1 3 4 2 2 5.631941
3 3 4 3 1 2 3 2 2 1 4 4 1 3 1 2 2 1 4 1 3 1 2 4 2 4 4 2 1 3 4 2 1 2 4 3 4 4 3 4 2 1 4 4 1 4 3 1 1 3 1 1 2 2 2 5.404014
1 1 3 2 3 2 2 1 4 3 3 3 1 2 4 1 4 3 2 4 3 4 1 1 1 1 1 4 4 2 2 2 4 3 2 2 4 3 4 2 1 3 1 1 2 3 4 2 3 3 1 4 4 2 2 5.268405
1 2 3 2 2 2 3 3 4 4 3 1 1 4 2 4 4 4 1 1 4 2 3 4 3 1 1 1 4 3 2 4 1 1 2 2 2 1 2 2 3 3 1 3 3 2 3 3 3 3 3 4 4 1 2 5.673550
